16.08612
16.08612
16.08612
16.08612
16.08612
16.08612
16.08612
16.08612
16.08612
16.08613
16.08612
16.08613
16.08613
16.08613
16.08613
16.08614
16.08614
16.08614
16.08614
16.08614
16.08615
16.08615
16.08615
16.08615
16.08615
16.08615
16.08615
16.08615
16.08615
16.08615
16.08615
16.08614
16.08614
16.08614
16.08614
16.08614
16.08614
16.08614
16.08614
16.08614
16.08614
16.08614
16.08614
16.08614
16.08614
16.08614
16.08614
16.08614
16.08614
16.08614
16.08614
16.08614
16.08614
16.08614
16.08614
16.08614
16.08614
16.08614
16.08614
16.08614
16.08614
16.08615
16.08615
16.08615
16.08615
16.08615
16.08614
16.08614
16.08614
16.08614
16.08613
16.08613
16.08614
16.08612
16.08613
16.08613
16.08613
16.08613
16.08613
16.08613
16.08613
16.08612
16.08612
16.08612
16.08612
16.08612
16.08612
16.08612
16.08612
16.08612
16.08612
16.08612
16.08611
16.08611
16.0861
16.08609
16.08609
16.08609
16.08608
16.08608
16.08608
16.08608
16.08608
16.08608
16.08608
16.08608
16.08609
16.08609
16.08608
16.08608
16.08609
16.08608
16.08608
16.08608
16.08609
16.08609
16.08609
16.08609
16.08609
16.0861
16.0861
16.0861
16.08611
16.08611
16.08611
16.08611
16.08611
16.08611
49.04995
44.33499
39.4184
35.18312
33.25844
33.16526
34.66437
36.37685
36.89581
37.05975
37.42712
37.87807
36.70535
32.34457
26.16719
20.42124
17.38083
16.50701
17.0549
17.09317
17.66588
18.64521
18.99417
18.23034
16.62168
15.38593
13.75177
12.55484
10.67826
9.496667
8.903536
8.259769
7.94865
7.537694
7.418043
7.259315
7.357531
7.698919
8.551075
9.653928
11.03351
12.99288
15.12758
17.63952
20.46692
24.29548
28.57977
33.68576
39.23351
46.40088
52.06213
59.99188
70.17489
83.99413
88.26137
82.47159
85.51952
135.6011
153.1664
196.2163
125.7725
136.3677
140.7864
141.477
195.4019
192.084
236.5909
259.3987
329.6983
372.7469
381.2942
370.8813
379.4148
349.6664
263.1463
273.2171
312.5666
278.1308
263.274
255.1456
235.0251
208.2553
188.6367
169.1482
166.0135
157.2331
137.1557
116.0168
105.4395
103.6437
88.49448
71.37487
54.86449
52.22621
48.35899
53.74198
50.20131
46.33282
41.91503
41.22345
39.92233
36.77431
36.08294
40.2426
48.99194
59.69823
64.02906
63.93621
63.40869
66.67885
73.71806
77.60291
80.57752
86.10889
99.39116
118.4952
119.1344
111.5223
103.1139
93.38296
88.45406
79.99677
74.59203
65.91689
64.35806
59.05198
55.96398
52.94751
43.3669
44.03312
38.877
31.83834
27.09019
24.58541
22.09384
21.42365
21.2214
21.25929
22.23491
22.37511
21.13952
20.15195
18.19677
17.50409
16.19924
15.20792
15.45623
16.2044
16.55367
16.07965
16.73331
22.37708
33.1106
43.08817
43.02578
45.402
38.29523
34.00619
30.52087
26.34858
23.88426
21.64424
19.26774
18.39487
17.22688
17.33513
17.13269
17.31523
17.28547
17.2051
17.27377
17.57501
17.76932
19.74113
21.30806
21.74524
23.72429
25.82982
28.76139
31.74001
39.8595
45.20034
51.59198
64.72842
106.3704
121.7461
175.3665
206.3942
230.5371
171.3462
192.9131
209.1759
240.6368
296.2115
345.8084
403.1945
495.3584
528.1867
622.8908
677.9632
715.6764
831.843
826.902
849.5891
741.6701
710.0976
629.189
583.2232
493.0115
420.6268
377.7195
336.5345
287.1356
256.2171
228.7464
204.5894
196.8298
200.3896
226.7604
237.1915
239.1741
223.4202
215.8515
197.5051
176.8241
134.8836
127.3932
92.82012
101.7829
66.48634
60.6038
73.44022
80.30413
99.11507
104.0806
105.3646
115.801
161.3335
168.2898
207.2567
219.1941
245.5704
212.9363
242.3053
196.0744
207.7918
208.5156
200.9104
187.3663
157.7921
163.1317
117.6745
96.10211
69.95119
58.14001
54.10784
189.5453
165.1891
130.5352
107.201
91.07353
70.11267
62.8994
56.59823
61.25141
65.62201
58.0265
75.65243
68.04119
64.15133
43.54734
52.24303
35.1417
31.25665
22.56008
24.13316
19.4901
22.69305
24.67494
31.59483
33.11716
72.51446
90.46793
92.3138
80.02281
70.73155
73.23079
58.03762
51.98609
47.20436
39.85691
38.27613
34.75054
34.00627
33.31535
36.11531
40.1759
38.28494
41.77621
38.84347
39.94978
36.93301
37.29124
34.27198
38.71509
36.20902
43.03826
42.56464
49.3818
62.08085
72.72644
91.20674
96.9967
115.43
110.3372
92.5254
141.0294
152.0694
189.3398
214.2943
242.1763
307.2479
347.6896
408.0978
447.8841
511.7723
550.4274
615.7798
639.8234
717.7101
706.3658
808.0425
715.0834
859.527
785.98
841.4126
728.6845
738.0225
564.1953
581.9564
461.164
437.6724
390.399
401.6367
386.3729
378.2573
375.333
383.2924
379.1565
350.556
398.7035
415.6676
474.2649
357.0441
451.295
382.8154
464.3976
358.895
370.0861
245.8334
169.8097
170.1999
132.9808
116.0472
159.199
186.2847
202.5937
221.8723
224.1226
231.9649
236.2586
272.8992
284.7778
299.362
304.9931
299.9784
341.6149
325.7231
335.5424
326.6935
339.0419
288.7207
233.7916
188.8917
302.1721
273.7272
251.9723
244.286
226.7288
204.6759
228.0612
199.2184
211.5323
200.8169
183.3125
192.718
147.9343
176.6084
191.8319
217.8173
109.5134
121.4886
76.58939
92.51866
54.28157
72.74597
53.04885
73.14278
31.97534
39.69094
127.514
186.7252
220.5419
176.3321
152.8838
113.9757
109.1169
97.43295
80.53129
80.20952
78.68018
82.93935
78.04072
90.98911
112.5998
106.4741
151.8951
135.5379
150.305
129.807
116.9
132.416
134.944
119.7843
140.5185
154.9007
174.4429
245.2275
253.4951
355.0529
355.8781
486.2307
440.7751
971.1243
869.1135
660.4913
833.4586
791.5792
736.1101
779.6898
739.8755
758.2378
753.1907
788.4737
779.3558
791.4623
795.2657
832.2836
822.3086
853.1298
849.006
863.1843
822.9982
801.8058
731.5826
692.8386
602.4406
591.1377
510.386
495.0967
443.7839
431.1602
408.7794
394.5581
389.3774
367.7976
487.3212
501.0098
546.1457
475.1441
490.3042
426.7158
448.856
436.5775
565.1724
598.0078
509.4665
669.5425
166.3074
534.0633
426.8629
336.7243
346.0265
335.8175
322.6209
323.2207
325.9797
341.1462
349.6598
358.5929
374.8824
390.9153
395.7472
405.3181
391.2598
432.2837
369.9138
371.8062
341.9596
325.3794
372.622
384.4995
519.9177
455.6372
406.4622
368.3345
334.6657
314.2197
306.4515
301.376
300.8755
287.6271
303.1375
266.1835
328.7796
272.7175
272.329
336.7601
309.7934
295.755
214.5408
283.9531
160.6486
205.9794
177.7504
258.0302
227.2009
226.1284
278.3049
235.3935
259.7427
210.7043
233.0254
233.1742
220.9979
208.7465
207.4201
209.9406
237.3473
224.8132
232.1129
289.3839
425.7671
271.7617
450.0538
326.9695
452.7887
407.7894
338.23
436.107
296.1428
334.5373
316.6612
384.9819
347.5005
577.565
407.5919
653.874
569.8528
571.5649
544.6971
592.5151
564.8483
662.3043
694.4962
650.9557
623.0975
645.0554
658.9257
663.1617
662.0846
666.4586
666.0557
654.715
646.7684
666.1061
651.2013
661.8403
650.0357
653.2095
638.3513
659.6086
655.6043
668.8598
650.7192
677.4216
656.262
608.9847
606.7658
578.8197
570.7307
533.7602
556.5535
536.0397
580.1426
555.0436
551.2305
533.2556
541.5542
530.329
581.0056
632.1905
638.7516
798.1742
767.9293
1185.69
532.8466
784.7788
432.3857
400.3515
302.2236
337.2759
310.6695
315.2753
323.4755
331.1797
334.251
343.1857
357.0718
376.5284
389.9351
436.939
457.4757
497.5294
523.7914
565.1336
623.8911
623.5195
579.9033
533.2032
584.9474
582.7266
591.4738
592.1212
580.3828
546.1136
543.5605
528.0608
518.2078
525.6685
524.3022
531.5912
524.8593
536.7382
513.2137
530.1544
491.2994
432.2068
307.3823
449.6306
397.3527
437.6398
325.8701
355.7847
310.0002
429.31
377.485
369.4202
360.2001
334.7782
246.6827
267.5379
251.2263
270.4802
265.5168
264.4094
311.2841
305.7764
346.2841
291.5788
524.3589
416.8078
568.6008
398.3481
461.3735
453.8954
414.2281
592.308
431.3844
583.8613
447.039
521.3194
518.4731
638.2068
563.0114
788.8217
736.7325
831.5817
798.7402
816.7491
775.7073
726.3806
703.9525
710.9377
705.3418
741.9592
743.4333
739.5173
731.9899
724.4153
729.2048
732.9489
694.7893
713.3858
675.0211
664.0436
642.2522
651.023
602.6358
582.2565
572.8457
567.4522
541.7916
545.5655
540.3177
543.8674
542.537
535.3654
542.0978
537.2137
535.095
531.0762
531.4096
534.4114
542.5849
570.2212
558.8412
575.5191
592.1713
633.8515
615.2637
747.4359
732.0579
962.0184
820.4327
994.0211
996.8645
768.8022
410.7906
386.4854
340.5533
330.9564
336.9041
342.8004
344.992
343.0727
355.3499
382.9155
406.6416
412.9881
413.2274
429.4547
450.1582
483.0955
495.1436
527.9399
548.537
563.6324
434.0614
426.9355
418.2868
456.0027
448.2356
449.9636
446.6945
464.8098
472.236
480.466
475.8282
513.4061
510.4229
576.9566
606.7838
695.9321
683.3793
756.5767
730.5531
758.6519
684.5176
690.2781
541.2953
546.3305
490.234
524.2395
500.678
559.0858
549.2531
577.8842
574.7688
581.1964
591.8674
581.7424
591.2891
586.0817
612.4138
588.3577
627.5303
633.4567
716.9976
707.9291
795.2213
740.7126
844.6549
874.3444
856.9182
904.2388
834.2672
897.0208
728.2066
773.8594
663.6935
692.3989
687.7059
737.7516
802.9724
876.5846
851.6614
814.2628
806.6915
774.7896
761.777
761.41
798.9811
808.7856
786.411
760.013
748.9156
723.0838
736.595
727.8943
720.7581
690.8583
654.9234
659.8947
633.0818
630.8704
637.8029
610.8889
614.3286
611.6806
605.799
593.4695
597.146
628.603
607.7427
583.856
584.9939
591.5049
610.4541
602.1371
636.5966
637.0011
606.137
633.4832
610.3439
618.9231
626.8332
661.0482
658.2536
692.8083
696.0213
811.0243
826.952
886.1115
703.524
929.0502
652.8362
471.7652
413.0467
388.0593
386.6111
378.24
370.361
396.0741
415.3755
404.4568
414.0595
427.6743
427.6458
431.8402
421.3561
423.1934
434.1405
425.7475
432.0949
409.8058
543.1436
549.1086
538.8624
540.1325
525.0628
538.3902
544.9637
553.5386
554.1454
560.7173
556.0111
571.3586
571.3461
575.976
575.3249
577.6411
573.8157
607.3913
613.2817
656.0145
631.1746
620.2072
601.9949
569.5181
564.2267
545.5815
539.4346
525.7593
529.3611
532.993
531.6843
555.1873
541.9186
571.6096
592.3129
584.1036
627.5963
636.296
667.2061
644.0812
667.7634
648.3387
645.4953
654.762
661.0873
681.4104
741.5627
763.4896
777.7551
830.5092
827.9888
826.7114
773.9048
793.0604
764.4055
803.0076
831.9122
913.0212
935.3233
962.1225
981.5067
938.8837
979.098
988.4822
950.9859
929.6656
911.8101
870.29
841.2821
840.3383
864.9073
846.4874
796.5094
758.1173
754.4351
744.3654
742.1116
734.5455
734.2589
691.3185
682.3074
673.9373
681.5448
671.4207
691.9658
717.8022
699.2157
702.9738
730.3235
721.184
727.4043
739.0483
759.6779
781.2051
778.9918
784.6176
796.3992
810.3597
807.9858
855.9734
822.3776
879.5145
809.2339
878.6358
771.1607
867.2386
861.1059
836.5465
692.8496
617.3721
537.3048
515.6914
506.1071
502.735
486.2234
506.5925
500.8833
511.4363
506.7263
500.8245
499.8724
515.6819
523.8666
516.8278
537.4931
530.1082
525.7165
519.3419
603.8933
616.3569
585.3688
589.9736
605.2314
611.7245
648.6094
655.7859
658.3592
658.9341
658.9651
665.7457
686.7195
685.2434
675.4554
688.8552
677.8255
673.2813
670.8861
666.8035
648.7963
666.0877
658.144
660.1802
659.4413
664.5753
657.3696
685.5668
684.5801
665.6399
670.0324
669.0997
676.8265
676.2772
671.7054
665.1977
675.5663
667.178
716.3882
728.3489
749.7277
778.2734
794.2055
797.5204
806.6366
830.1791
838.5717
848.1718
844.442
859.4626
818.7512
895.7759
934.9264
947.6922
971.132
1034.879
1050.791
1107.943
1097.417
1145.095
1067.524
998.0748
964.8373
933.0157
907.9606
924.4513
937.373
913.08
927.1798
926.6324
883.3373
867.0854
845.3916
813.5416
833.3055
792.3865
807.1325
815.5727
804.9055
784.1505
799.548
770.3361
787.2198
787.9661
755.0956
766.109
786.9769
776.2537
805.7271
797.9982
803.7571
836.3976
854.3483
834.3828
899.1538
879.028
862.9786
877.457
940.9001
896.0309
1011.959
930.6812
951.0285
1011.176
904.0137
869.073
863.5671
991.424
834.0392
731.8948
668.8342
647.695
622.4021
612.6865
585.3916
582.0267
592.5776
603.4713
599.449
589.0677
603.0583
604.3093
601.6359
589.7762
609.7151
587.0331
581.6212
583.5538
727.869
718.4592
721.474
731.1419
727.5989
730.5954
765.9385
757.9255
755.6834
774.2134
759.8913
768.8801
776.7916
770.0161
764.806
759.1213
765.9555
775.7584
758.5341
779.2752
770.5148
787.6607
787.9194
776.7347
786.8568
773.337
788.8795
765.8354
781.6016
782.7964
815.5324
818.6376
824.8171
818.7391
808.9553
791.4185
813.3222
828.8691
845.854
861.0517
886.0727
908.0312
931.4272
919.5859
918.3196
943.9426
943.7262
947.6257
934.1091
943.5707
923.5762
1026.874
1007.803
1010.366
1098.007
1209.14
1146.422
1195.859
1165.07
1159.668
1140.726
1058.208
1035.526
958.1376
949.2177
927.8542
948.6359
951.7431
941.8167
883.3736
869.0992
916.4497
899.2964
883.4976
849.4075
873.2407
862.5048
839.0449
853.8152
852.5783
866.8366
842.5568
853.2562
880.8128
907.8401
924.0132
886.8593
916.1051
930.9415
893.9518
899.3132
867.1177
891.887
894.1185
928.9974
914.3362
949.3364
962.8934
951.389
1045.581
1059.134
1813.54
1410.233
1985.134
618.2321
758.3031
905.1361
870.1357
1006.758
907.0703
796.0282
786.3935
756.6149
751.1593
708.4021
786.1323
720.1791
742.2526
717.155
748.4735
764.3679
748.2521
760.6978
788.6296
768.697
729.6171
714.4188
724.8932
865.6694
867.9446
856.3942
876.7222
860.442
829.7264
874.0923
881.1067
878.4743
875.2555
833.9321
835.0124
848.0825
867.1333
873.6933
906.304
901.2004
901.7958
894.6327
883.4523
861.131
869.6763
857.157
887.0104
854.4815
867.1553
887.2083
869.2572
925.3286
922.6687
960.7426
1003.771
974.4572
954.6257
930.6202
965.8331
982.6122
972.8659
952.4331
974.3962
984.4667
980.9256
970.3434
978.9153
1033.354
1092.447
1064.834
1147.149
1039.271
1074.772
1002.168
1243.357
1195.429
1245.369
1238.939
1423.415
1321.887
1332.308
1193.735
1158.8
1074.963
938.2532
919.2883
897.9122
899.0264
909.583
942.1084
961.2377
997.0132
990.4611
957.0771
1015.298
995.3309
979.7013
977.8285
954.1177
972.2919
970.6221
969.7078
1006.142
965.6992
960.7321
950.6266
944.9061
1008.752
1023.381
1081.343
1015.175
1009.211
1002.359
1001.739
963.2382
976.5229
948.4417
984.6609
959.4512
1034.978
997.5166
1083.702
1011.47
1624.39
1614.459
2263.21
569.1171
438.4919
487.7776
720.6346
718.9885
746.5254
790.8384
773.7712
804.5316
817.3737
825.0375
860.7271
886.8743
891.2583
914.1442
898.8568
878.8761
917.6019
919.9438
887.2712
889.4402
848.4576
819.6534
803.2377
819.8678
1022.187
1011.702
1006.669
1035.552
1054.074
1002.622
1017.76
977.538
963.8581
924.3098
959.9642
971.1157
1001.917
1019.392
987.4869
1028.028
1018.657
1027.104
1025.075
1022.821
1015.068
1006.538
991.1303
992.4523
1022.112
1069.681
963.9655
1056.82
1096.569
1124.117
1107.565
1126.656
1122.681
1124.119
1108.847
1132.593
1098.609
1079.741
1100.846
1084.623
1087.943
1087.142
1083.63
1103.072
1113.378
1149.238
1072.736
1137.941
1121.076
1132.619
1103.478
1482.519
1280.255
1441.113
1184.947
1285.548
1206.399
1237.684
1063.509
1195.773
910.3152
1009.566
990.4726
977.5793
974.4671
1002.518
986.921
1087.422
1052.927
1079.136
1064.57
1055.507
1042.478
1053.559
1056.537
1046.848
1044.041
1053.312
1086.515
1074.169
1078.023
1053.769
1115.047
1107.461
1119.419
1112.583
1146.605
1119.013
1152.898
1131.98
1114.514
1051.98
1079.155
1060.439
1103.238
1061.004
1120.304
1058.951
1173.987
1234.426
1874.015
2591.17
2378.481
1113.162
565.2859
573.0622
670.7103
758.6761
815.5879
863.2411
845.1779
881.5997
919.8738
984.0604
987.4256
1049.359
1039.107
1044.408
1072.303
1014.371
1047.442
1059.009
1025.134
1000.75
958.4186
971.1422
971.1561
1030.591
1076.33
1071.278
1017.392
1078.597
1079.46
982.6567
934.8447
921.1621
879.4672
867.9845
900.33
942.5519
956.0632
996.5325
1009.55
1015.213
995.861
995.2046
1069.656
1031.335
1064.813
1069.069
1109.146
1061.601
1104.327
1091.255
1081.782
1104.762
1125.267
1118.851
1153.55
1162.359
1182.428
1195.245
1148.837
1202.701
1179.055
1192.184
1212.157
1176.766
1179.674
1199.422
1176.78
1164.215
1157.614
1081.986
1126.083
1106.237
1138.573
1034.219
1198.707
1539.1
1582.363
2419.033
2077.521
1768.195
1349.92
1290.204
1245.729
1244.787
2529.293
734.1199
822.0262
905.9071
996.1331
1034.464
1081.951
1071.868
1079.444
1139.297
1124.216
1112.218
1118.817
1126.431
1107.067
1172.63
1183.028
1117.696
1116.976
1180.685
1139.405
1198.751
1194.725
1175.723
1218.611
1239.771
1265.083
1247.966
1285.849
1246.384
1211.737
1158.375
1170.753
1119.997
1200.116
1205.08
1177.87
1228.435
1190.829
1382.629
1665.739
2678.278
2597.217
1149.591
480.8583
434.362
577.5657
651.467
721.6119
782.306
848.5809
918.3686
950.0203
1025.755
1028.727
1078.234
1112.6
1107.519
1099.38
1111.081
1132.068
1125.526
1091.606
1070.637
1024.574
1063.044
1100.256
1125.222
1126.315
1128.88
1097.58
1063.447
998.1618
923.4254
850.2657
827.9375
813.716
820.1357
924.9154
1022.171
1061.317
1088.546
1083.35
1118.737
1172.12
1184.341
1198.523
1183.62
1200.91
1180.127
1196.388
1162.859
1166.133
1130.097
1148.621
1164.617
1220.573
1302.206
1297.189
1293.91
1276.246
1259.675
1258.279
1301.724
1297.275
1250.309
1278.132
1229.011
1215.822
1149.84
1106.334
1065.107
1053.109
980.2875
954.8131
927.6258
866.1655
925.6312
881.8383
1225.949
1820.458
1005.438
1404.631
1414.348
1253.964
1181.885
1230.194
1235.315
1246.115
2255.749
792.2269
828.9882
950.3377
1042.464
1099.44
1133.686
1138.247
1107.569
1231.654
1238.347
1206.693
1191.368
1153.17
1202.414
1194.519
1170.309
1213.729
1279.562
1267.125
1259.033
1284.741
1336.515
1313.324
1320.279
1308.859
1299.244
1306.414
1322.887
1245.445
1266.628
1180.654
1264.315
1207.785
1276.857
1215.042
1408.655
1212.841
1545.639
1325.764
2418.949
2753.581
1424.52
939.283
450.5658
546.856
733.1687
719.3862
809.1898
868.7962
926.9269
962.2067
1036.067
1100.375
1144.974
1161.138
1147.868
1144.535
1171.047
1168.306
1191.39
1151.562
1130.984
1147.145
1203.625
1217.37
1163.184
1082.282
1019.423
955.8646
889.6017
815.5033
734.5457
682.3494
659.2988
691.8323
734.65
884.7903
1067.284
1115.59
1154.877
1136.881
1145.944
1157.549
1181.632
1192.596
1164.032
1221.847
1190.883
1157.79
1147.865
1208.788
1161.2
1233.479
1342.603
1256.995
1264.875
1273.426
1222.187
1237.974
1200.727
1201.561
1166.098
1172.359
1162.075
1104.514
1041.947
1004.387
870.5464
816.3659
787.6913
718.9372
682.3052
702.9777
659.2213
684.3279
600.9118
869.6253
940.5092
923.1857
504.3331
1043.913
1082.461
1102.255
1121.092
1039.386
1192.175
976.4258
1197.355
1206.405
1038.411
978.4464
1143.983
1175.369
1244.563
1284.741
1332.981
1342.726
1307.686
1334.986
1306.215
1258.021
1259.37
1246.66
1294.597
1331.413
1378.326
1293.109
1333.924
1336.125
1335.576
1391.083
1432.861
1381.651
1371.101
1364.04
1410.284
1301.52
1383.785
1261.691
1419.865
1267.462
1391.792
1234.358
1473.761
1191.407
1678.04
1167.273
2476.64
2455.805
1364.367
874.1769
392.0593
480.8818
590.3171
666.0765
692.0936
815.5419
889.7679
1016.045
1035.495
1127.883
1203.479
1193.05
1209.394
1237.774
1250.658
1248.783
1242.668
1203.337
1182.199
1192.068
1202.443
1161.889
1119.764
954.2022
871.8185
820.5409
723.387
608.8041
585.1987
543.2479
620.4582
808.1613
1075.838
1280.338
1545.047
1558.445
1563.028
1499.891
1474.203
1532.703
1494.791
1462.988
1416.804
1355.996
1303.583
1332.249
1289.186
1272.688
1267.301
1327.505
1279.515
1196.981
1175.688
1120.296
1087.099
1031.976
1037.733
1043.861
984.9719
991.4748
905.3698
880.9558
791.9732
770.1311
676.0131
617.0925
635.9726
577.6486
565.6019
562.3655
519.2957
584.3705
623.2251
654.901
631.5837
720.6083
709.3635
975.5421
1544.214
1364.644
1319.318
1235.874
1302.386
1122.056
1389.082
1265.248
1526.724
1097.669
1258.64
1372.999
1417.913
1489.261
1541.882
1457.393
1478.381
1431.328
1468.434
1449.307
1474.074
1447.61
1445.655
1407
1415.34
1381.68
1406.696
1484.989
1475.242
1565.601
1565.115
1527.468
1537.736
1475.182
1532.435
1461.007
1568.704
1275.937
1510.758
1244.605
1469.699
1181.965
1642.695
1128.978
1747.18
781.7351
3286.177
1217.778
2019.223
379.0245
427.7575
522.829
641.835
602.9321
661.3287
818.7032
883.7158
1035.614
1159.283
1179.41
1243.949
1274.808
1408.68
1408.165
1397.031
1383.268
1348.551
1262.697
1215.101
1196.531
1176.84
1145.019
1048.661
775.8901
736.7374
614.566
503.4069
418.7162
353.5035
369.7296
498.0969
419.1134
424.2685
661.4879
910.3352
1123.173
1345.522
1274.87
1152.306
1245.245
1233.184
1236.973
1194.294
1247.768
1264.716
1266.385
1273.97
1182.147
1140.599
1195.199
1106.851
1063.377
1056.895
1032.675
1044.982
999.3748
950.1806
896.7666
809.2885
773.7857
721.9515
676.3613
551.9312
573.1805
429.9918
439.8784
294.4224
304.0825
403.8413
417.9685
467.8591
377.1216
380.874
342.6618
343.0908
289.4611
1069.99
672.3776
1813.615
1720.412
1712.197
1520.406
1530.515
1391.122
1495.472
1416.003
1294.563
1294.239
1339.073
1483.059
1617.32
1668.672
1543.81
1516.009
1582.528
1574.72
1503.451
1556.059
1513.6
1490.917
1501.088
1527.624
1608.412
1525.607
1590.328
1586.926
1608.334
1566.257
1618.831
1592.129
1596.933
1441.089
1560.464
1473.993
1526.747
1306.886
1513.952
1253.381
1379.309
1161.567
1526.589
998.8859
1701.328
626.8909
2802.006
660.834
2252.782
446.7052
498.0434
463.0631
443.073
609.6394
556.5211
744.0159
760.3593
1006.932
1238.911
1294.907
1478.851
1572.763
1622.995
1586.482
1541.975
1442.569
1351.065
1294.9
1268.09
1145.602
1094.028
952.1152
868.8866
644.6365
539.2493
433.0259
388.1328
288.7596
349.7329
275.9128
693.577
1069.974
1214.749
1767.664
954.368
1237.693
1630.301
1409.868
1267.208
1383.853
1329.28
1376.026
1457.2
1415.57
1457.574
1385.68
1288.833
1234.052
1177.213
1081.751
1043.819
971.6425
964.3898
923.3171
895.3617
784.3785
719.1035
661.8865
639.8878
592.3909
525.2402
507.8161
429.554
404.3432
307.3651
433.4124
389.3792
325.764
221.512
224.7549
251.2492
262.6529
336.343
300.4796
329.2395
422.6443
672.7939
963.0516
1292.231
1310.517
1382.392
1370.313
1542.489
1540.192
1583.618
1513.869
1736.635
1664.505
1763.199
1765.212
1733.109
1665.977
1715.605
1713.839
1716.96
1710.963
1680.886
1609.026
1612.816
1649.305
1632.51
1571.204
1575.351
1639.249
1676.684
1702.99
1713.095
1740.454
1769.391
1720.177
1737.371
1644.184
1667.748
1449.424
1529.634
1317.634
1455.821
1200.138
1422.741
1131.518
1331.194
882.0967
1364.659
611.4192
2002.147
419.9981
2307.701
258.5181
955.2769
538.5573
543.2819
752.6629
695.471
662.2906
644.9659
964.2183
1222.844
1442.172
1739.235
1752.831
1819.803
1674.629
1543.204
1393.869
1329.986
1266.345
1171.16
1004.782
951.7805
858.5493
717.0692
455.5569
352.4133
283.8171
230.7663
216.76
188.9669
189.0079
371.5298
551.8971
442.2581
3156.163
2039.25
1111.097
1491.278
1338.909
1132.997
1190.311
1244.72
1368.222
1534.314
1425.921
1464.917
1325.622
1179.944
1085.827
1031.439
1005.654
881.2225
876.1538
807.8239
757.2175
708.9092
615.5504
549.3727
461.1693
427.4449
409.2886
378.605
343.7991
302.8738
281.7605
241.998
291.7361
258.1265
224.3671
201.3226
224.1922
266.8282
209.339
218.6904
266.475
298.3505
351.9034
374.6831
1450.854
855.1455
1166.028
1220.66
1258.922
1273.242
1268.01
1158.729
1147.204
1187.219
1236.445
1298.456
1363.832
1338.113
1391.003
1366.919
1403.345
1491.566
1547.032
1586.981
1616.998
1547.338
1546.714
1579.167
1602.823
1691.03
1694.743
1759.126
1772.6
1809.165
1828.974
1879.983
1717.834
1635.45
1527.446
1518.765
1340.101
1301.697
1130.262
1137.015
956.3159
1029.836
808.3882
907.1917
696.7231
815.7687
449.3562
801.8122
212.7689
1214.81
669.6317
485.916
617.5443
587.0608
722.725
866.14
1677.396
561.489
920.3978
1133.906
1397.816
1697.61
1698.11
1717.352
1639.746
1431.374
1279.319
1157.103
976.5538
925.2307
854.8582
759.5319
627.8761
530.562
253.6856
197.0494
186.2726
156.7291
172.2068
114.8378
969.0729
616.4387
776.7401
1080.326
1618.766
2812.685
807.406
1404.657
1194.273
954.5413
750.9977
838.4738
1198.107
1483.554
1313.097
1310.452
1162.097
999.5565
873.563
874.559
764.9247
748.1983
624.7444
572.7564
499.1473
409.0422
360.7463
318.2751
265.282
263.4681
256.5494
206.3749
169.8736
183.036
130.9894
203.2924
259.261
271.5083
281.2804
293.3597
404.2162
386.2433
266.5732
252.6686
274.4808
390.0644
500.6231
572.1962
960.4087
772.6666
970.0784
767.1941
840.4735
862.1053
845.6433
887.7305
902.8224
1021.164
992.1665
1043.521
1125.319
1156.267
1140.93
1194.056
1131.713
1197.594
1291.821
1361.206
1321.327
1255.478
1406.118
1430.472
1541.314
1770.96
1807.346
1771.289
1844.472
1847.94
1780.261
1717.889
1600.055
1597.835
1506.262
1439.601
1186.432
1152.991
1013.563
947.8839
763.1767
844.4504
652.1951
720.4183
480.8412
566.6572
311.5859
419.3216
305.9815
148.581
1579.197
674.8109
802.2806
833.1081
1000.273
1072.971
2868.179
644.2732
654.9226
744.4212
1088.278
1342.297
1560.399
1424.851
1349.236
1143.645
989.2365
845.5063
751.5513
662.8956
602.9542
448.4764
366.736
314.4159
176.7583
158.5888
171.858
173.5184
225.0148
169.5893
1023.013
702.899
797.1505
898.4023
1160.022
1338.299
998.8897
1199.491
1010.925
621.1176
2553.939
1367.833
1056.521
1343.922
1194.448
1086.77
989.7313
777.0905
761.4742
665.0925
602.0922
543.61
438.0649
393.4328
345.8069
291.3117
247.8067
195.2883
208.4651
188.1343
168.3806
147.4852
139.5596
161.4812
82.11535
247.1076
335.4282
346.2801
300.0396
340.8991
379.9896
471.7112
385.5807
290.7675
324.4144
385.7549
523.1412
604.6474
854.6799
906.0085
709.9295
550.0637
588.2001
630.8758
803.0479
836.3431
897.2216
934.1951
1050.006
968.1281
1015.48
1003.284
1066.905
1108.23
1135.785
1145.903
1253.744
1170.119
1197.325
1301.686
1345.256
1463.57
1648.006
1841.75
1882.201
1762.455
1769.421
1712.25
1599.579
1561.849
1361.341
1296.476
1141.608
1044.729
871.7627
790.0593
644.8135
566.3898
436.6926
398.4753
312.6953
281.214
180.9369
162.6744
129.4812
146.8563
168.7804
31.89017
1333.318
1516.658
684.755
877.1257
1062.642
934.8726
1514.162
1332.063
1244.249
702.5614
804.6667
1105.253
1230.61
1085.032
967.1281
915.4781
738.3219
618.7805
515.6794
423.7277
344.0395
293.3781
227.304
201.493
142.2559
142.9288
147.8315
172.3299
202.5228
150.1168
1140.23
835.2419
760.7126
844.1116
1347.705
1418.185
1122.655
1023.306
852.6962
686.2958
1381.538
3297.369
865.1348
1221.234
1055.47
835.7098
730.9974
597.6494
513.6794
480.6549
423.9379
304.9534
268.0738
245.1384
220.5477
171.7137
153.8828
145.7031
143.5942
134.5669
135.9805
156.1377
163.1357
164.9124
124.4222
147.1617
279.0972
297.1118
319.5584
379.9921
409.2913
451.3302
410.7288
381.5214
469.9808
516.9696
545.2134
676.6942
955.2494
994.7137
582.3366
721.2148
603.019
957.5569
774.8502
1098.414
1066.098
1111.608
1099.341
1222.268
1181.187
1189.378
1266.232
1294.256
1366.949
1281.644
1224.549
1164.872
1216.937
1291.797
1416.21
1560.279
1664.433
1776.141
1769.888
1715.022
1624.315
1495.227
1372.017
1299.237
1123.283
1066.199
914.5877
827.8259
713.5066
636.3102
572.8188
489.0873
389.2323
378.4041
294.5229
320.173
246.3103
305.9392
148.9374
153.6787
233.2496
24.18253
1637.169
2858.337
751.8143
759.6457
1056.39
1177.502
896.8833
1547.091
3039.026
2460.128
814.5851
1001.055
934.716
723.6801
651.8761
561.0348
411.7759
324.7693
265.4054
217.8158
204.7668
168.2329
149.786
139.1456
176.5678
189.1906
201.1412
192.2728
157.7625
1077.945
667.2958
858.4
862.8984
1147.341
870.8536
3300.57
1118.882
942.2028
649.5559
454.6403
1805.494
4206.118
602.7144
1620.311
1017.934
899.5107
669.1017
608.4189
483.3841
375.4657
311.3972
246.8391
227.3872
204.9935
184.3661
153.1473
164.0829
157.0603
187.4737
192.4367
227.9259
259.5808
252.4918
278.2344
218.1739
217.1957
266.3853
285.6496
505.0573
659.7824
576.3772
487.4946
493.4058
528.5417
384.5401
852.011
1145.193
809.3755
831.2697
747.8532
810.5576
796.3359
887.8763
912.609
1183.372
1340.63
1375.674
1707.503
1557.538
1581.835
1603.215
1541.177
1620.019
1567.231
1644.878
1566.089
1482.344
1446.283
1485.86
1612
1616.299
1787.251
1832.88
1679.392
1604.538
1342.512
1181.684
1012.438
869.5334
692.8384
613.7218
459.3901
386.9656
335.5033
247.6547
202.2602
176.8111
143.2199
123.4199
113.4136
90.78537
87.94566
89.0836
125.676
164.4646
220.4148
50.84479
371.881
2381.738
2180.854
766.8225
1183.437
444.5594
2065.225
1624.222
1809.405
1188.52
1701.783
877.3409
895.2693
704.5972
477.6232
457.4834
325.6422
247.0153
194.9799
155.6311
141.9875
144.2233
138.8896
167.1105
165.4797
173.259
175.291
208.5142
228.3155
158.3611
1560.334
1301.358
1153.628
910.3148
1373.474
982.0483
554.822
910.5768
1976.99
1247.524
632.5032
678.512
1417.667
1583.943
1505.564
862.0727
703.6843
541.3342
517.3517
320.5823
282.431
217.0603
202.8107
184.7046
179.1147
194.7185
170.4024
173.0095
177.2146
202.3259
247.6916
252.5331
260.0981
225.474
260.1416
223.9865
228.2231
359.8442
571.5001
838.076
1196.369
576.5997
786.0876
544.0906
536.0698
517.7324
1023.15
1104.127
1165.269
1004.33
1102.756
1296.403
1453.372
1635.024
1852.19
1745.271
1886.971
2023.282
2280.397
2244.844
2173.933
2131.483
1932.697
2073.188
1961.69
1968.914
1814.322
1766.656
1710.34
1683.332
1658.968
1569.892
1605.346
1567.556
1336.197
1230.398
996.0142
775.7143
618.6999
512.9859
381.7212
270.6026
210.571
166.1468
164.3418
122.9406
115.9678
98.86494
100.9523
98.45882
107.5712
116.1354
130.444
152.7892
160.6553
101.1281
26.06126
4739.336
7420.626
897.7272
374.8283
919.0005
1179.551
1236.187
1712.369
1310.07
2216.304
998.147
1486.234
796.5378
588.1926
414.3098
251.8828
216.877
142.8139
122.5669
103.2963
114.256
125.0377
149.7682
154.9977
161.2326
165.9309
187.898
197.4292
202.533
328.6349
337.9211
1253.225
3078.452
1550.575
1375.857
2473.283
1545.996
1456.67
914.1829
1091.13
1286.813
1024.909
1308.222
1050.597
1049.11
1066.213
747.3821
601.4583
523.2004
477.215
487.4845
482.7034
434.4403
376.1702
361.5653
376.8625
388.9232
433.4965
393.2592
412.582
408.8237
375.2737
379.5042
356.1937
301.4174
293.5325
248.8646
315.8914
433.8563
664.1018
898.2549
1100.458
968.6653
1248.574
937.0626
882.3206
906.3491
1424.439
1024.568
1348.199
1538.965
1690.79
2083.832
2190.108
2493.525
2676.494
2467.478
2589.061
2696.839
2786.801
2720.947
2741.736
2441.353
2615.384
2380.612
2379.819
2194.028
2109.991
1984.674
1966.236
1933.108
1858.965
1796.279
1781.529
1701.253
1554.964
1412.882
1265.412
1026.208
962.3183
831.1243
732.646
543.1053
393.0392
347.3137
279.2194
200.7484
179.6819
147.5133
135.6975
138.38
138.232
128.5689
132.3155
138.8925
156.4081
131.7578
6343.026
2497.798
679.4674
675.7604
1080.628
1370.663
1983.041
1769.066
1322.651
1057.932
1292.381
1449.317
1211.94
647.2572
469.369
355.4704
311.3275
183.9606
166.0544
146.3273
142.4947
158.0296
157.3436
177.3314
170.6364
165.8714
188.1187
290.1294
320.8856
301.813
496.914
461.7366
610.6997
2038.477
1785.479
1823.331
1450.486
1499.112
1718.231
1113.281
878.0457
1240.907
1346.513
1156.908
878.937
894.0931
1185.068
1012.68
942.3428
921.4376
891.2108
817.4738
800.314
788.9413
798.6741
774.152
763.7211
739.5887
748.3532
735.0285
630.8183
567.8239
488.8143
433.9622
370.8764
353.9482
435.774
405.8848
487.2349
757.0379
1427.198
1436.469
1726.341
1282.928
1486.086
1171.322
1196.096
953.6907
910.2312
1042.861
3049.361
2013.571
1687.996
2094.774
3979.669
2834.432
3103.865
3334.201
3424.344
3360.439
3224.798
3182.943
3078.559
2960.398
2785.068
2670.951
2720.539
2691.79
2496.16
2498.667
2309.72
2180.43
2112.113
2144.744
2027.727
1954.557
1699.875
1710.402
1575.236
1513.573
1280.917
1176.163
975.5541
865.2839
743.7807
659.8878
487.0603
382.8864
320.1053
273.5678
239.2423
214.5694
222.7008
233.1045
243.4994
296.4337
304.4775
531.5408
2350.482
275.6918
1268.716
1458.522
1588.643
1741.563
1526.817
1699.176
1813.54
1341.028
1161.895
1278.535
898.7623
764.611
1303.743
681.0847
696.5575
531.6176
526.6127
423.4462
419.7518
378.1622
366.5575
311.0716
267.9798
250.3308
305.5977
469.9535
478.9693
524.8597
754.9716
430.4709
1736.223
2286.676
1959.885
1587.956
1253.432
1065.255
1333.834
1243.138
1307.852
1165.593
2510.693
2116.226
1967.138
1783.825
1787.313
1824.872
1826.397
1722.224
1562.206
1404.851
1238.948
1181.952
1197.586
1149.875
1138.205
1075.097
1102.875
1109.874
1009.777
849.9618
825.606
770.8925
582.5549
1250.243
1158.683
1350.622
1319.482
1001.246
643.3752
735.6417
1271.187
2116.629
2793.632
1592.717
955.6996
792.8844
3708.709
6667.336
1043.733
1806.671
2668.828
3150.82
3108.188
3200.613
3401.25
3514.929
3693.127
3702.29
3674.97
3711.711
3733.636
3808.135
3747.799
3621.788
3547.986
3476.601
3408.039
3185.875
2976.578
2711.83
2665.536
2651.893
2502.884
2354.657
2143.907
1983.659
1927.84
1803.406
1721.997
1568.177
1427
1268.936
1277.012
1262.995
1219.525
1071.312
925.5194
834.0387
779.2468
702.0366
602.7725
530.9085
443.594
597.5642
462.0886
5689.632
458.0381
1379.092
1741.779
1777.92
1846.328
1770.869
1632.287
1908.642
1808.098
1631.217
1114.073
1295.259
1001.679
1656.246
1571.563
944.2258
1454.964
1039.033
1017.255
834.6234
856.7457
845.4
750.4946
591.4618
563.7583
467.9313
504.1815
662.1716
719.3542
789.4649
872.3033
934.4674
2012.114
1843.481
1750.885
1872.409
1406.718
2437.67
1252.286
947.1161
1575.93
1189.492
2838.602
2596.709
2492.76
2637.76
2484.42
2354.023
2310.854
1945.595
1856.413
1772.598
1732.524
1593.426
1412.803
1436.382
1334.965
1323.977
1291.195
1293.887
1278.29
1181.078
1006.16
855.7159
2100.851
1185.308
1268.548
1420.581
1461.463
1243.708
2886.33
1347.428
1959.178
2659.434
1919.368
2591.316
7563.314
4487.28
2811.998
1055.562
1425.804
3986.4
2661.845
3284.175
3518.482
3522.858
3556.481
3483.936
3719.273
3688.14
3492.415
3584.224
3672.25
3664.318
3735.787
3588.344
3652.108
3586.518
3544.581
3295.818
3304.413
3229.8
2997.685
2816.59
2634.309
2571.969
2501.022
2338.746
2161.644
2057.2
1985.391
1806.536
1819.584
1742.668
1715.249
1530.636
1592.203
1605.484
1534.609
1356.584
1246.412
1070.814
975.015
789.1646
974.2422
994.8131
1087.162
4162.198
628.0989
1705.572
1982.952
2129.508
1920.034
1717.987
1544.141
1443.605
1414.408
1317.203
1404.2
1110.758
1607.156
1482.286
963.386
1535.695
1870.125
1631.989
1652.051
1340.474
1173.839
1162.546
1030.647
925.1387
863.1739
773.6976
710.5563
1055.465
1127.842
1275.162
1491.83
2790.574
2554.272
1712.957
2489.898
2334.236
1757.707
3857.19
1576.098
840.9611
2751.11
405.7318
2723.5
2865.488
2281.316
2275.499
1832.982
1604.687
1532.09
1317.057
1210.282
1199.885
1150.42
1087.781
988.1806
1089.312
1176.984
1226.844
1265.637
1366.69
1286.869
1360.807
982.855
3716.46
1433.876
1738.148
2124.407
2686.262
1577.105
1004.049
4827.809
1298.83
1684.784
2153.02
3930.817
2199.981
1784.416
1574.543
1337.602
2142.503
2403.467
2678.794
3424.861
3734.086
3671.875
3625.603
3334.867
3162.274
3063.199
3044.449
2915.052
2707.729
2510.356
2293.058
2128.774
1822.487
1650.291
1536.192
1417.826
1201.524
1095.624
961.9108
945.3313
844.2542
741.4459
708.731
667.6585
620.9393
607.4816
595.1526
630.668
591.6846
632.4191
606.2223
604.0277
630.6631
665.8666
585.9162
649.2805
650.4794
663.0007
696.7076
752.3221
946.1895
899.2898
1182.327
929.4515
9975.187
515.198
1694.723
1994.777
2037.359
1635.351
1578.368
1544.904
1206.212
1139.121
837.6297
1405.335
1490.069
1127.008
1144.082
839.1257
979.4697
1035.484
1006.013
986.967
1054.805
1068.161
1070.207
1051.981
1033.196
1087.687
1060.776
1105.913
1773.336
1942.075
1877.115
1771.272
3093.959
2125.961
1852.775
2193.802
2057.685
1544.626
1691.785
1864.231
1055.362
689.461
219.6563
2242.66
2189.192
2416.458
3231.615
2699.716
2398.712
2165.302
2002.692
1750.894
1640.384
1639.502
1674.12
1524.16
1371.532
1447.719
1434.437
1429.288
1413.611
1411.309
1073.593
3254.267
1651.623
1999.612
1688.886
2807.641
2623.346
5231.153
1297.877
1639.109
2332.164
2668.316
3263.451
1851.692
2202.736
2188.205
2448.352
2783.755
3161.276
3152.338
3840.446
3873.128
3880.31
3884.822
3755.327
3633.704
3348.492
3171.223
2932.604
2893.787
2620.851
2408.493
2204.212
2084.93
1914.833
1679.834
1498.53
1456.134
1264.645
1165.602
1033.041
921.4155
780.7635
821.3926
768.9174
777.721
653.4071
674.6989
555.2092
578.0027
543.3891
514.8679
547.8044
542.4523
541.0156
614.7662
571.361
564.577
582.9582
611.672
691.4182
863.9522
1014.73
1036.268
1321.534
1306.074
3750.15
3962.095
1084.566
1720.68
1382.292
1957.047
979.7113
1462.593
1341.339
1145.141
1080.384
3034.165
1933.068
1151.805
1325.256
1396.26
1295.433
1338.243
1089.195
1208.015
1325.108
1335.616
1407.044
1465.711
1509.219
1400.751
1526.625
1635.444
1237.843
1326.976
1628.758
2185.603
2189.112
2263.974
1872.935
1890.45
2063.564
1840.85
1737.68
1285.732
786.6362
221.7054
858.7025
587.4704
1853.546
1829.066
2756.068
2876.707
2920.375
2735.751
2755.404
2465.313
2452.009
2471.064
2325.16
2371.565
2040.829
1887.958
1812.569
1784.471
1763.703
1621.374
2447.75
3148.133
2605.178
2198.861
2002.45
1848.134
2052.104
4535.828
1802.454
1011.557
1063.988
1540.747
2156.708
2415.832
2657.436
2955.653
3075.325
3141.972
3383.396
3436.836
3909.937
3956.58
3886.788
4019.521
3893.049
3879.822
3911.519
3956.59
4061.009
3982.477
3974.186
4017.998
3954.082
3991.066
3921.332
3876.498
3800.064
3778.949
3811.847
3622.428
3353.639
3160.049
2911.757
2947.191
2638.029
2434.602
2247.072
2247.465
2238.159
2100.712
2006.911
2009.418
2090.268
2017.121
2009.59
2208.27
2296.418
2361.989
2246.127
2323.67
2121.795
2086.28
2000.23
1763.313
1628.877
1717.806
798.6103
6949.553
1551.981
588.0021
2813.694
4754.729
1055.238
849.3821
1069.651
1530.41
3005.248
2779.107
1797.245
1857.354
2025.401
2424.571
2389.998
2568.771
2241.124
2430.702
2362.273
2315.518
2266.843
2432.51
1580.735
1718.229
1388.88
1405.479
1795.36
1289.05
2097.118
1235.709
3346.749
2832.856
1573.033
1588.016
2041.468
1824.041
1130.209
838.9508
681.1899
2875.337
3592.224
330.1313
1097.656
1107.905
997.1486
1534.784
1568.485
1556.897
2171.53
2253.865
2437.239
2350.093
2655.818
2205.216
2092.017
3001.989
1146.608
1186.756
1359.739
1909.922
1709.284
1563.47
2254.788
1438.248
1938.565
1505.755
1627.379
1829.49
2597.244
1959.256
2788.053
3351.191
2068.738
2534.224
2511.136
2618.638
2713.393
2733.773
2917.087
2930.311
3080.478
3211.206
3227.074
3299.975
3223.153
3207.73
3105.465
3187.491
3055.495
3091.948
3172.256
3148.411
3191.332
3149.982
3271.6
3253.069
3450.963
3361.686
3369.95
3233.867
3033.092
2974.026
2944.078
2880.183
2557.7
2542.177
2477.026
2462.668
2371.263
2422.818
2389.412
2418.41
2524.975
2579.277
2697.135
2681.51
2818.999
2765.551
2508.124
2324.31
2149.232
2091.914
1695.459
1523.386
942.4575
1382.449
1273.305
4100.881
4865.537
143.1773
846.4876
1546.657
927.6664
794.0001
1125.324
2402.632
2158.901
1419.561
1456.153
1462.059
1634.19
1634.189
1852.593
1875.122
1784.331
1917.273
1962.589
1763.355
2060.365
1914.426
2179.537
2759.88
1759.323
2028.211
1044.163
1711.621
987.3188
2088.467
673.859
784.2052
861.2189
891.8245
1081.001
943.1848
732.7617
787.6367
906.6284
2969.22
2343.853
826.7252
758.0543
1517.707
1279.757
643.5915
1218.232
1336.441
1608.782
1724.589
1820.864
2330.064
2507.752
3887.756
2123.789
688.7468
762.6227
1241.522
1655.994
2322.421
3085.823
4285.503
1627.441
1690.059
1512.368
1217.699
1471.329
1354.969
1687.098
1715.756
2446.317
3011.529
2075.239
2059.979
2210.995
2427.73
2518.737
2474.732
2464.845
2424.358
2461.318
2459.753
2536.059
2519.368
2401.805
2418.429
2444.816
2309.65
2353.829
2175.699
2036.087
2099.93
2049.889
2059.341
2133.085
2212.24
2121.907
1990.159
1910.769
1729.736
1748.745
1817.786
1838.575
1807.167
1673.171
1708.609
1537.113
1619.867
1684.351
1613.698
1618.03
1722.558
1781.105
1920.676
2020.729
2123.317
2115.312
2111.203
1989.023
1873.122
1708.758
1420.171
903.5558
428.531
1351.446
1343.541
1033.413
551.8834
1484.374
1099.204
771.1081
932.4948
597.8417
1744.929
1575.651
895.8204
1089.604
899.6719
925.9329
857.3167
848.736
756.2585
743.123
690.0654
707.6972
787.8
922.1557
957.613
1072.649
1554.141
2053.548
1642.68
1308.465
1259.508
702.4119
610.2512
656.8436
698.3009
428.4342
357.8466
543.84
554.7362
773.489
617.4342
412.0509
593.4349
395.0518
1093.856
1482.586
114.9445
276.257
90.55426
243.1056
307.1449
708.5645
824.9125
1264.342
1512.362
2380.042
3036.69
1276.618
4740.643
2284.281
393.8343
501.9891
702.9373
1304.93
2161.897
3460.868
5515.375
1534.979
2048.02
2216.476
1690.081
1030.877
1082.826
1566.151
3099.875
2225.084
2142.351
1604.977
1897.171
2049.598
2457.274
2471.729
2666.268
2544.894
2265.064
2318.771
2279.297
2266.004
2297.659
2059.393
2032.042
1982.99
1955.864
1890.789
1699.548
1671.118
1751.609
1742.181
1685.373
1537.867
1400.414
1385.945
1265.869
1299.132
1181.693
972.4739
1005.131
934.5902
993.2842
922.3976
944.438
861.2248
901.574
799.186
869.3532
867.6427
1085.437
1151.377
1377.78
1472.288
1484.533
1793.41
1824.968
1491.612
1025.875
791.4179
662.0493
578.1306
606.4433
648.1949
1134.935
289.7285
305.8183
94.98016
264.6628
1240.405
1281.576
651.4031
642.762
528.7243
542.2664
560.6924
594.2153
466.865
491.9301
378.9296
317.3936
275.0893
283.4894
294.101
293.0416
352.6099
392.118
580.4656
624.9642
830.6121
711.3214
720.592
731.4228
416.6314
388.5317
405.8329
423.1324
276.5351
291.8952
231.1205
220.6644
466.4615
365.7092
234.6599
220.9455
294.2362
318.4768
524.1948
61.7015
1906.746
478.5372
367.5013
212.3213
764.5875
541.3174
416.6419
567.7681
862.2162
1970.559
2555.183
2545.124
1122.578
398.3089
658.6174
740.2059
889.567
2001.604
4242.226
3141.331
2102.919
976.8076
2549.036
1166.676
1015.69
964.6354
1299.704
3953.093
1479.816
1539.033
1417.979
1784.347
1841.021
2342.463
2426.605
2294.767
2235.49
1936.592
2029.695
2041.555
1922.641
1756.594
1671.692
1561.458
1484.53
1489.037
1324.751
1336.178
1490.111
1322.529
1195.409
1228.746
1209.32
1079.085
1014.128
1008.863
954.081
813.3539
725.9203
691.6863
529.9758
554.2898
413.5483
413.5256
411.2404
450.1136
447.7946
551.3326
613.0831
844.3268
963.9653
1058.379
1030.222
979.8834
1159.23
1064.236
563.7627
234.6277
680.4561
2267.887
1985.612
762.024
649.9605
878.5876
243.9634
485.6649
388.3773
434.3011
545.7304
426.8207
442.7662
389.4645
373.4746
317.4757
242.3819
272.0069
233.2297
242.0254
215.693
182.2174
159.8749
171.0435
190.7247
192.3079
238.0303
232.8909
148.1433
229.3009
255.5549
321.0341
333.3095
383.7737
322.6057
353.0853
243.2425
449.7573
172.1651
167.5889
117.825
74.27532
169.5167
122.8053
100.869
100.3422
134.507
245.0538
73.1666
244.9672
523.7518
221.257
326.7106
339.4425
197.42
231.508
376.3455
378.1004
457.311
682.8859
1832.534
1215.501
825.4318
1202.132
372.8633
616.7097
722.749
1263.502
4006.591
1859.763
1271.07
1238.993
492.1539
1233.376
935.9665
1023.145
1036.816
3589.378
1370.6
1364.66
1415.949
1637.279
1663.962
1837.941
1633.926
1572.777
1628.742
1641.417
1623.657
1471.837
1465.859
1354.863
1337.19
1214.47
1106.99
1088.477
1022.051
1012.652
1071.517
1090.915
980.7551
1078.092
1168.151
1086.278
1077.505
1088.784
968.7031
1064.048
661.5159
690.1908
391.0883
414.6018
348.1053
357.4081
311.9897
316.5995
289.5303
367.7758
403.0452
552.8689
685.6975
805.9197
788.8087
758.7432
930.1951
1112.32
1202.769
5192.28
665.4109
1036.723
624.4299
358.5807
1038.63
425.2852
585.7409
611.7335
808.2302
1291.308
840.4725
626.7515
651.3356
657.7567
346.1261
350.4203
262.9114
249.3824
205.1039
181.3701
170.7283
158.7451
149.6263
149.5599
153.4706
155.4566
169.9683
157.0079
74.017
155.4236
252.0915
183.6054
256.9119
229.473
240.7921
293.1745
195.4452
221.2564
146.1306
141.0289
346.2691
164.3267
83.10753
127.5084
82.68717
85.93645
145.3192
182.4829
100.3047
417.4713
312.4375
191.3423
166.447
164.5966
169.372
126.8116
170.4308
303.9626
566.5508
705.1837
413.2314
589.4438
586.1729
718.5356
774.5665
615.1486
696.4967
1974.021
1018.302
1623.76
859.7504
1089.549
369.8224
705.3352
989.1619
1165.461
1193.187
1132.073
1259.598
1612.647
1394.278
1498.398
1295.149
1321.275
1340.06
1241.217
1217.648
1143.932
1153.803
1088.251
1075.344
1013.7
941.9366
980.4969
982.9713
855.1711
846.6865
832.4753
808.5942
899.6882
923.2628
1018.17
961.2109
968.2206
903.9824
1004.56
913.7462
1164.36
781.138
847.188
569.0843
499.4685
398.7473
308.1242
271.4799
249.5202
245.8352
279.6594
333.992
389.482
472.6498
537.58
588.9039
556.2335
573.2959
1735.784
2055.92
1252.219
594.796
656.5469
1093.888
806.1678
729.8029
777.1124
985.3206
1461.189
873.1285
464.6174
733.1055
682.8416
620.9556
674.9353
491.6265
452.276
413.2679
327.6503
266.1573
196.7425
174.5958
163.8823
154.1916
136.8785
152.3493
138.7828
123.3426
85.48178
74.1226
163.5099
173.769
168.5377
186.6843
211.3422
197.5446
195.1674
537.3232
449.8577
297.4597
201.2616
131.9406
144.0778
88.78397
146.4888
95.92911
69.40411
126.3478
56.75072
155.1943
248.161
341.7178
335.6852
237.0233
175.476
369.8528
204.6073
152.9151
211.5982
222.797
152.1775
227.1512
498.6148
512.9892
726.0752
880.5297
735.6904
339.8946
1497.422
537.1204
1392.187
1035.56
1175.631
618.4725
790.9023
1098.182
1703.353
1058.358
2576.553
1198.599
1723.421
1406.758
1487.856
1420.954
1379.18
1276.854
1203.482
1153.507
1077.503
1038.984
954.7788
965.6939
863.9468
805.3502
834.7432
833.9367
849.1755
885.3705
785.1926
743.3745
807.6692
809.7079
856.3774
780.8118
797.432
818.9225
845.5998
893.7354
871.0098
880.4058
916.2983
769.6157
675.3681
595.7822
450.8633
417.077
383.0274
324.1342
289.1487
289.0412
296.9758
328.2427
437.4054
364.5046
613.0186
458.6949
1817.682
2282.808
798.7663
997.1628
755.645
744.5062
633.1333
775.3388
919.6406
1040.778
1005.119
888.5334
880.2826
1023.173
1044.645
806.7118
830.9397
670.6367
526.017
392.5074
274.951
279.3108
242.3338
210.7052
169.0416
172.625
166.4838
162.8465
151.7668
125.1423
111.3082
79.26195
123.127
131.2891
120.2082
145.5297
144.365
161.581
152.0609
295.0635
313.6079
219.4811
136.9759
198.2682
116.0643
86.26206
102.0133
78.52822
85.08184
71.48129
65.46152
215.9828
277.4579
298.8957
364.7698
198.0854
197.3803
114.8783
156.7611
212.4337
252.6688
151.3809
107.3251
179.1539
333.6399
295.1133
206.0157
128.972
390.7956
442.6335
775.274
238.6841
643.1245
782.3439
1707.837
1005.296
1260.276
1127.705
1220.833
2652.47
1120.977
1416.846
1926.162
1609.47
1748.399
1558.596
1604.752
1472.014
1308.005
1333.172
1258.551
1293.732
1238.91
1237.528
1107.573
985.4126
1001.804
1005.726
984.8469
892.6551
923.9792
854.9939
877.1442
844.924
787.1586
816.8186
880.5602
831.7032
846.4443
972.9813
889.588
948.958
942.0647
893.5209
750.0488
725.8634
637.6718
629.48
579.2886
537.0663
453.7633
420.0107
413.946
435.4875
352.5894
634.9913
252.0374
1204.503
489.1758
1134.81
523.61
711.0258
991.5773
920.5375
961.2872
976.1085
1088.865
1052.146
1392.547
1381.187
1527.606
1385.625
1365.96
1053.526
991.966
872.7072
711.6584
512.8824
459.3334
393.0768
330.2352
280.8411
244.038
217.0838
230.0235
222.8453
214.0771
189.3995
197.7521
224.7641
151.414
167.1548
118.4396
149.1947
155.915
87.83516
153.408
150.8233
213.9256
304.7505
289.7379
239.8289
143.4068
108.9531
114.0927
98.14713
115.5705
123.0283
226.4806
187.8786
253.1519
288.724
253.1994
131.1198
418.2358
1132.717
338.0817
429.9185
333.1951
494.946
241.7977
263.1328
337.0548
179.4558
524.5385
984.5804
1290.164
730.3912
1311.581
703.1537
1452.078
3035.633
224.3791
382.6356
1166.405
493.4358
672.8992
1273.889
1536.188
1012.227
1792.852
1960.853
2312.416
1970.576
2141.411
1962.287
1895.255
1811.974
1768.103
1740.369
1706.829
1622.047
1604.272
1425.603
1368.782
1325.759
1325.177
1268.543
1213.556
1134.01
1148.781
1152.174
1084.919
1002.767
1044.303
1005.709
1028.617
1096.526
1088.604
1079.091
1054.568
1034.687
925.8813
907.7793
854.3277
848.7986
784.7205
742.369
663.1996
653.8305
576.8287
585.7374
578.3396
758.5437
478.0062
1262.607
923.7505
1034.307
870.9589
784.4277
1062.96
1099.847
1028.021
1181.031
1380.816
1112.945
2084.195
1895.242
1874.937
1815.925
1687.601
1520.411
1464.394
1163.922
1080.787
810.342
715.6739
608.9858
496.2589
421.1371
395.715
368.9184
350.7039
351.657
344.2685
323.3304
282.2695
289.2134
319.6748
246.1052
381.5811
108.5624
94.99616
384.2857
273.9654
112.5385
111.4651
206.1939
221.4374
154.5703
170.5421
204.9901
160.371
132.9472
189.8521
125.6663
303.519
396.8387
336.6833
199.5778
135.608
583.5204
555.2534
224.3999
436.0209
205.928
182.2901
649.0684
336.8134
193.1947
139.6841
1374.709
898.895
257.1444
359.6199
360.7724
235.4529
520.9366
553.4496
1690.613
1573.999
299.1914
1597.377
551.1546
696.4216
573.0681
726.8879
800.9781
1037.439
1112.231
1841.502
1404.338
1848.133
1973.816
2085.15
1928.422
1952.375
1841.365
1872.41
1855.123
1823.735
1831.653
1724.973
1704.014
1637.441
1628.887
1654.382
1531.848
1473.893
1480.109
1438.754
1420.319
1426.516
1330.674
1312.084
1290.307
1285.132
1228.758
1171.899
1145.646
1138.307
1094.342
1022.846
1040.807
946.1351
965.7791
838.8958
973.2863
813.9236
703.1743
1114.371
681.1984
617.5836
580.4129
804.6329
1110.274
1093.623
1010.074
1075.793
1244.583
1160.462
1279.36
1324.777
1246.084
2309.511
2824.116
2737.823
2645.547
2457.154
2074.436
1983.892
1772.626
1498.382
1300.622
1130.378
961.8121
829.3633
761.9074
696.9849
649.2103
625.407
607.4563
600.5345
568.1884
501.9377
419.7302
458.9959
478.7921
670.812
1260.261
684.4788
432.612
938.4927
383.0116
687.9681
290.3451
312.7128
376.6743
374.6103
349.5528
428.4137
280.4476
252.762
224.1599
404.7714
254.601
235.2152
197.7125
629.1683
593.7064
609.1069
150.1826
777.4288
389.0176
697.8193
1392.598
1596.952
524.9927
639.6684
1194.798
728.1227
518.7921
286.1339
325.3204
501.1055
495.8322
577.6813
1214.447
1229.576
805.4969
849.2277
765.1464
370.4988
651.8104
678.0169
607.9235
1069.125
778.1118
1258.239
1402.695
2700.345
1480.836
1912.186
1855.392
1828.552
1793.071
1817.995
1727.909
1695.797
1623.237
1571.565
1542.402
1526.219
1465.761
1524.919
1424.475
1389.893
1449.328
1443.129
1389.858
1426.173
1437.153
1395.594
1388.894
1315.331
1347.166
1274.861
1246.236
1189.452
1171.261
1108.313
1186.084
1011.963
1084.912
974.624
1437.445
1226.241
1460.786
661.0696
750.6814
741.1235
785.3685
969.9843
1306.297
1073.85
988.6696
1198.487
961.332
950.1162
1593.581
1708.835
1403.808
1626.51
2186.365
2596.198
2513.04
2589.374
2407.429
2367.966
2316.237
2258.951
1963.354
1761.815
1537.563
1335.062
1173.834
1038.817
966.4178
946.4749
920.0688
845.4438
775.1024
779.2349
654.0448
638.3156
643.4596
667.7835
767.3393
543.2423
235.2942
332.5154
314.3906
356.8444
291.0338
458.6348
476.2217
393.0475
867.0944
342.0663
518.2135
1347.966
844.0967
741.2009
398.7576
566.2912
499.716
975.001
152.8442
77.72799
242.1635
439.9351
189.6601
129.0957
220.5511
187.2246
1539.632
809.3958
202.7966
37.78798
71.77194
235.5359
724.6102
199.9654
214.315
620.3812
621.0963
161.3449
421.8318
360.6648
967.375
240.1983
368.3366
542.5889
493.1228
725.7595
806.3804
688.3058
720.2092
1138.242
1709.199
1585.859
1775.921
1672.731
1687.422
1571.498
1545.392
1511.41
1493.642
1450.183
1353.257
1357.144
1365.968
1397.948
1430.309
1378.151
1296.526
1302.484
1353.613
1348.6
1342.544
1358.076
1341.804
1299.918
1314.51
1304.225
1290.961
1188.138
1281.649
1170.103
1285.422
1160.888
1375.227
1435.726
1894.858
904.4537
2026.118
544.5863
1552.623
300.2079
847.107
1189.201
1212.797
1118.182
898.8375
1217.458
927.7617
735.5488
740.9587
1355.792
1563.015
1067.994
1389.377
1751.753
1814.913
2125.217
2179.679
2213.686
2092.556
2143.553
2037.868
1939.167
1758.546
1657.715
1633.811
1533.858
1358.26
1244.622
1145.027
1109.577
1029.96
1048.357
936.8912
1041.953
898.0579
1387.178
1031.617
1200.838
661.8352
434.4591
385.029
837.5564
492.5937
940.47
839.8898
663.3752
1016.668
513.6519
541.293
686.9669
1142.49
1061.929
841.6353
1206.4
788.6052
448.6162
113.8275
116.1204
105.8721
111.7582
124.0289
136.983
310.7537
388.3703
512.069
512.7939
186.3149
28.02504
24.63355
25.85776
20.76638
24.3693
51.04713
65.06586
26.85562
57.03582
144.5225
179.1089
458.0091
454.7926
452.3377
431.9002
437.2351
1103.403
884.2929
602.0569
739.6823
715.2579
1216.661
1166.06
1291.143
1198.233
1304.828
1261.919
1210.74
1229.341
1210.874
1197.563
1156.301
1123.158
1119.819
1156.061
1194.466
1181.65
1177.024
1203.013
1216.95
1216.703
1225.766
1290.594
1279.248
1279.807
1293.287
1250.262
1287.656
1251.182
1272.332
1189.229
1209.46
1176.3
1389.138
1368.499
2578.889
1552.058
733.1664
1010.494
562.9134
295.9219
1008.567
663.1992
882.4872
625.0367
567.3802
503.6469
477.6792
666.1741
855.3956
630.4883
664.23
834.689
746.156
719.5123
744.6732
964.9965
1146.871
1368.991
1541.917
1748.509
1804.26
1631.656
1556.358
1489.806
1463.402
1428.179
1376.034
1281.183
1280.305
1196.859
1264.853
1240.56
1249.914
1232.945
1275.712
2132.321
1212.681
1627.664
1372.207
1195.629
809.3218
656.0565
571.2593
701.2936
610.5805
1288.037
964.7468
690.5811
410.0035
268.0138
223.1937
213.1277
204.825
582.2472
567.8272
433.0871
167.7724
208.45
182.9387
157.941
140.3917
176.9572
159.9749
227.4861
379.0204
291.7971
572.4969
279.2852
593.8114
278.4048
57.29029
66.19901
77.55145
69.22582
61.13459
119.2862
103.6537
107.1892
185.7513
321.162
656.5201
488.5062
416.4143
595.6395
1274.097
694.6824
957.4102
710.1404
795.6567
1420.921
960.2268
1105.151
1131.45
1142.941
1153.665
1153.805
1141.494
1108.135
1070.669
1029.596
1013.348
1017.654
1053.182
1025.278
1042.828
1048.151
1042.214
1061.254
1080.035
1108.202
1140.497
1171.108
1157.11
1178.475
1148.509
1204.92
1226.286
1311.233
1272.846
1369.758
1284.188
1830.539
1126.412
2628.572
767.76
1206.221
535.3156
1247.134
505.7279
593.8232
550.7078
370.2948
928.1365
287.873
466.4034
617.1533
680.1622
619.7711
528.2825
499.2119
655.4361
609.81
493.9233
699.3472
674.1309
881.502
994.8583
1192.601
1206.692
1219.334
1224.861
1251.278
1420.96
1523.319
1535.788
1455.601
1365.782
1389.233
1448.144
1437.12
1374.807
1477.853
1505.197
1850.053
2375.922
1151.734
894.0065
1445.744
1301.082
1740.874
1492.01
1344.05
613.7895
343.5042
495.6045
1019.005
435.7037
367.7068
346.9442
365.0325
259.3288
283.0421
226.7181
211.9372
162.7598
135.5769
138.715
155.5998
130.3897
129.7241
139.1738
98.83
135.6323
67.35402
125.3279
112.7446
169.0738
55.25345
48.81335
129.9504
85.68324
178.6996
279.106
189.2752
168.9473
193.533
242.7827
332.2538
375.0346
630.3771
310.675
341.5389
684.1374
476.2092
898.1187
1069.16
588.2441
831.6415
885.6217
1037.05
1067.161
1075.598
1054.363
1049.143
1083.792
1070.773
1004.142
974.951
943.5893
962.1504
912.253
926.2192
945.736
968.1428
960.051
924.7006
942.3876
995.6663
989.3011
1050.226
1063.266
1124.101
1121.269
1108.83
1097.432
1173.451
1119.645
1270.01
1296.861
2140.215
1053.084
1196.538
187.1757
483.9403
324.6129
328.6558
116.0825
184.3269
216.8345
243.9338
366.9304
255.7557
341.3409
417.2437
359.6546
365.1729
275.2146
282.1997
243.5989
378.8013
374.4421
657.5724
712.0164
879.5938
842.5082
1185.667
981.8717
1048.413
1060.152
1191.37
1355.32
1376.959
1427.05
1501.583
1392.373
1423.308
1324.221
1369.583
1427.205
1414.714
1438.578
1286.896
992.7366
1246.271
969.9034
847.5259
856.2583
719.2528
690.308
1202.146
645.9968
1139.258
501.7579
940.9385
568.4471
539.1614
406.8578
436.5653
334.2918
320.3939
269.6819
252.075
211.7571
196.2119
214.6957
245.0078
199.0461
155.8922
250.3335
163.7269
244.3531
279.4174
270.0414
283.1999
348.3862
356.5046
718.4044
156.3053
241.9305
404.5136
300.9748
199.4955
186.3757
460.4323
326.6982
250.1863
217.2789
635.7864
348.5219
456.3695
502.6759
624.2885
265.3133
1167.269
530.335
819.979
745.228
864.7253
963.5148
1013.781
970.5775
1010.111
977.5707
923.9189
903.9109
913.1043
875.6797
904.065
868.7773
860.4768
856.1149
817.175
852.4435
860.0313
868.1666
927.3014
922.0398
950.9886
967.2761
995.3102
1034.726
1136.835
1259.504
1281.493
1275.232
1238.308
892.3961
1561.184
388.784
847.8148
239.8624
425.1257
223.044
178.9538
125.5732
218.3003
210.8332
196.3918
225.9866
184.7908
258.5001
249.5895
227.5744
226.6486
163.7141
185.1935
155.5019
160.5951
189.9666
283.0704
391.0727
667.2825
898.9584
1095.159
1028.505
1031.116
1035.687
1119.572
1153.839
1203.425
1205.786
1397.81
1360.071
1414.024
1391.838
1421.048
1407.028
1475.021
1344.521
1301.506
1152.852
1278.842
747.5761
659.5647
615.5612
764.7591
608.0718
620.0184
542.8255
537.7054
366.3289
501.6084
434.4025
409.1175
370.4758
394.453
315.1285
303.7402
320.2101
276.0152
230.0791
235.3441
234.4868
246.5411
245.326
175.8977
232.0217
203.5941
216.4754
169.2716
190.8293
173.8238
481.2272
319.4993
561.5414
323.9687
296.8161
542.5251
650.0881
327.6514
198.4516
293.2304
355.5887
250.9365
325.4865
466.2507
615.104
450.4327
399.1403
706.9346
925.4494
657.2903
651.658
677.7393
686.4301
717.7079
817.189
787.3189
810.8181
822.5761
858.6377
801.2646
807.3282
840.2215
777.1431
833.7096
842.0719
871.5771
874.6942
838.8931
906.3625
883.5306
892.0618
969.3722
947.7042
957.8079
981.1754
1034.708
1113.866
1054.446
1096.89
1280.689
1515.96
1889.642
2525.091
1859.517
1124.419
829.9204
320.6402
542.9091
192.4262
194.8466
102.8711
148.5114
139.8607
117.9511
136.4934
122.8759
131.9698
135.9947
112.5406
125.2571
100.5546
132.3411
130.2272
187.9628
208.7639
284.0585
499.3242
735.229
969.4568
1134.999
1445.934
1132.253
1137.055
1209.197
1284.248
1343.564
1356.827
1458.79
1386.869
1282.582
1277.012
1214.378
1216.586
1199.926
1314.336
972.1317
903.8748
952.7747
721.1906
586.246
597.3729
520.0385
941.0452
934.5568
902.4689
885.3075
622.166
592.4877
434.765
416.043
383.266
403.1475
327.5259
308.7658
300.4421
339.8513
245.2346
329.9436
215.9713
397.4895
271.1847
243.0173
249.7489
228.4246
209.5591
182.1062
221.7119
221.8462
310.3308
244.6499
408.4138
252.2034
352.2568
480.8757
224.8737
250.7555
323.988
304.4481
608.6658
351.4471
475.2138
343.2637
376.8212
403.2454
415.8004
557.4019
665.8586
459.2769
525.3342
474.0105
558.9084
504.3361
617.5913
400.9603
981.1247
755.8611
823.3009
842.0241
733.1451
785.2546
739.0361
752.043
774.0622
751.8804
796.2103
765.2773
735.8123
642.4807
697.6501
808.458
835.8298
933.9315
880.1534
931.4124
996.3472
1184.451
1400.138
1161.641
1191.551
1136.558
982.402
525.3761
191.0911
235.6261
169.6116
168.1904
126.0415
125.2843
85.62086
91.4521
86.33182
86.24656
106.3253
113.2823
107.9058
101.1444
99.06693
118.1464
101.6919
130.9681
113.307
131.4724
178.5763
238.5185
449.1784
817.8061
1087.736
1586.705
1319.64
1203.664
1300.511
1234.4
1268.376
1285.191
1190.413
1245.263
1301.606
1220.799
1207.194
1164.702
1053.461
1173.362
890.5239
1229.222
805.8203
1043.711
418.3405
561.9966
737.3283
664.7205
666.9257
821.9465
663.6001
613.0021
618.7562
606.775
643.9136
465.7951
350.5865
361.0154
327.7406
333.6067
261.1455
309.0638
248.5335
338.712
207.9835
321.9803
241.5013
246.7759
227.3214
242.5026
245.2889
254.6274
252.3703
242.7027
259.4273
252.8961
259.405
269.6668
257.8483
241.425
227.423
288.253
243.3213
345.2022
430.7251
345.1936
686.7327
480.1045
558.7148
683.3334
605.0172
680.7837
616.3998
830.0286
569.4488
487.0252
436.1023
387.0146
425.484
373.1479
431.7896
688.1087
510.5791
671.9286
546.0462
594.3577
571.667
607.2917
583.5646
585.2259
553.1768
485.942
444.2392
461.3484
445.592
555.935
924.9819
1076.949
1477.673
1220.414
1072.023
913.9366
692.9643
1014.84
1352.452
982.2947
595.0554
374.5958
367.6104
146.9935
213.9063
211.07
190.5849
143.7878
114.486
72.78285
71.20048
66.49137
63.09241
63.38161
72.39929
72.19415
77.33311
87.32955
89.47165
95.84503
98.35533
95.73465
173.8059
347.2985
468.2983
890.9844
1897.988
1580.941
1443.416
1638.485
1546.482
1223.778
1237.51
1079.163
1111.533
1055.408
1097.798
1049.359
1061.87
1051.422
983.4254
904.2365
891.569
651.8878
1143.402
696.2688
397.8348
694.7902
897.8839
1224.469
703.215
695.4359
582.6663
485.5437
444.5906
365.0943
399.5364
396.9411
333.3314
312.5084
272.8391
331.2771
277.4422
341.7431
254.8381
380.9897
208.5861
449.3617
257.8848
305.2404
291.1221
294.9174
281.9844
288.4989
261.9357
263.3736
255.2244
270.3067
234.2687
323.4265
286.3797
300.5166
231.8815
281.4199
237.5965
255.1321
214.9111
351.0153
227.9613
244.8365
290.5664
307.1566
288.0373
317.3101
302.1818
587.0162
537.343
447.2799
468.4687
400.0219
530.629
435.294
277.4661
347.8692
407.6775
452.8051
408.5766
422.4814
406.1355
447.8048
421.0817
402.4079
368.7185
353.966
362.9134
420.4797
347.6852
618.8717
295.5528
790.285
659.6554
1044.244
1052.561
1099.76
1870.342
1840.568
1115.301
506.093
334.1107
179.5448
131.2868
144.218
158.5032
202.1423
186.9373
155.1515
120.8461
87.98586
71.85635
62.94812
47.05473
58.35976
81.13606
76.88188
79.2277
79.24871
80.42199
83.03522
59.52734
63.5527
106.0827
286.2847
556.1591
1424.176
1595.543
1078.076
936.6846
963.5453
1384.158
1514.923
1535.478
1056.95
947.845
1119.501
1058.466
1178.613
1312.135
1349.191
1235.411
1170.472
833.4602
646.0439
331.625
519.8565
236.5279
288.997
310.1263
443.2789
518.0239
400.9887
375.17
322.7838
343.8235
297.8416
308.6683
282.3776
328.9791
335.1601
254.8626
258.778
266.9847
314.1246
228.8131
339.0375
185.0222
430.6176
250.272
286.4921
267.189
282.3588
279.2889
260.4968
243.9549
233.4593
244.456
236.6241
269.9534
313.7141
279.9804
269.1573
239.9196
237.0952
196.1306
205.4741
191.6068
177.2524
155.6176
184.2254
179.9563
168.8135
146.1826
189.9469
176.4655
292.1648
390.9152
341.4259
409.6334
451.5023
359.8151
397.307
433.5215
395.3614
362.9795
352.1661
386.5803
528.7711
340.4839
331.3434
257.4149
279.441
276.986
289.4917
282.1527
302.6174
281.9513
355.757
289.3317
424.3773
660.1394
862.0315
884.0023
1126.511
439.0588
196.2867
246.6256
376.2976
209.3498
194.0882
239.4663
179.9738
314.3731
297.0056
299.1318
245.0976
202.9638
144.2159
103.6119
80.93295
48.99854
71.65394
77.76588
64.08115
57.55523
40.37566
39.01169
51.35208
46.63956
96.41843
187.0475
299.4621
417.6841
586.5839
836.1982
619.398
1032.68
738.8473
1199.742
1309.136
1912.161
2143.24
999.9749
1275.859
879.3605
749.5242
591.8262
756.7636
713.6052
583.1865
560.4353
413.6009
263.3182
256.5537
216.5836
278.4211
183.3747
286.5596
288.4235
304.8077
333.5891
261.4413
242.4258
194.7665
188.9136
164.3678
185.1356
193.9579
268.4391
206.847
209.008
255.8073
266.2385
288.1663
218.946
380.2614
343.5445
306.7278
260.1022
262.3607
242.935
235.834
217.845
191.825
233.9469
172.6015
270.096
245.1795
270.2599
302.4195
248.0026
296.2354
264.354
289.129
259.6317
215.6917
179.7839
186.1759
135.9782
201.058
434.0244
288.8611
405.7809
252.7314
493.3809
239.3872
511.2422
297.08
197.3534
263.9856
276.6695
291.8701
351.5227
399.0358
324.2816
274.1175
258.0952
292.6281
282.3922
322.3478
337.1968
288.0093
218.4767
304.8795
225.1168
298.7101
203.4079
202.0006
165.8501
129.5911
137.5587
143.2049
174.5816
267.6366
151.4405
292.0481
286.8194
317.4326
364.8779
398.9686
373.2847
396.3551
355.2936
368.1416
241.1908
186.8291
126.3647
101.8976
110.9757
121.2562
142.5391
91.72424
80.39857
37.82287
37.6014
27.74445
26.03878
37.55947
63.72736
177.1293
149.3067
181.8953
350.5987
623.6727
624.6608
322.091
314.3482
504.5649
495.205
1125.716
736.3763
1036.041
725.8428
547.7805
1277.571
624.5894
1014.699
467.5083
422.1494
310.1078
258.1975
243.5323
152.4606
170.7986
149.827
161.4391
195.9857
267.4258
253.6862
209.3828
144.8072
163.3112
185.644
180.609
224.1128
234.969
300.5292
248.1787
238.5133
230.3414
215.9589
227.0504
217.9694
248.3798
246.5696
277.3483
249.4734
235.1352
212.4041
204.2186
192.6792
191.8966
192.1523
191.0024
233.7932
363.9698
334.5244
433.564
239.8589
236.9963
241.9893
235.6892
224.784
212.8671
183.1784
214.1208
155.4452
206.5099
509.9963
249.3903
231.3992
299.5796
315.4323
207.6665
204.7742
275.4312
172.782
182.7629
193.2955
195.1886
218.5688
354.5131
309.9794
310.4392
298.7391
468.1468
340.417
262.4612
242.7646
252.1886
253.0596
291.3422
312.8542
570.697
307.405
743.0479
362.6479
612.3528
644.9641
730.8395
273.7908
334.4197
171.3243
226.0212
235.0767
418.3167
406.77
579.1576
478.5977
514.303
425.7548
344.0267
219.4315
171.0479
105.017
114.9192
129.6548
131.4194
134.5164
113.8424
102.9318
62.28513
45.21008
27.56466
43.24866
62.54066
61.6502
101.9087
73.07374
90.01064
122.1052
317.834
230.096
265.8134
292.3306
280.8972
253.4367
386.4678
385.4925
400.3722
531.7416
473.5497
397.6531
230.7915
264.4941
228.2572
250.1121
218.1798
198.6834
178.9246
139.5152
133.3559
118.3096
126.8781
136.8232
160.0539
169.6493
187.399
149.1072
121.4925
106.6362
111.278
116.4383
130.7237
149.6696
153.7066
157.2238
191.7312
182.9162
265.7285
277.8145
312.6075
227.4632
236.4073
229.8166
240.2791
207.5277
201.5782
178.0714
174.2343
175.8548
177.4078
162.547
182.2167
173.6446
192.6993
167.7727
177.1101
180.5392
201.3726
189.3913
174.3869
155.888
163.219
178.1519
173.5858
229.0134
176.3159
203.5355
179.574
224.7263
196.69
198.1127
192.92
181.2346
180.7736
182.2735
180.4442
163.3782
170.0672
169.748
186.6751
180.2894
201.0255
214.9739
203.9878
208.7665
216.0752
221.5906
237.6
215.5325
243.3508
191.706
232.5855
165.2441
207.6727
158.0706
174.1378
111.2428
116.9757
83.18423
98.78277
85.28089
181.5869
250.1969
364.9247
342.9886
258.9877
163.7216
129.4583
169.6036
135.7545
157.0288
123.1878
110.1942
83.06251
56.81691
83.76177
100.7984
86.54782
69.27051
87.09602
109.7544
201.3857
136.2226
93.69702
82.90382
70.74053
154.4983
374.7482
366.834
401.1871
295.5279
273.0035
165.2185
189.6819
156.2822
189.7089
191.3669
256.5705
219.029
193.6921
226.9956
202.2673
199.6127
186.5465
176.0007
162.8321
124.7146
114.2588
117.8418
131.0552
159.9096
173.0169
165.5734
172.6676
171.3392
168.0299
158.9754
158.8757
146.2227
141.9066
135.4119
141.4734
143.4631
165.4879
167.8828
186.4587
192.9985
211.2976
226.3592
230.7442
228.5938
210.8261
213
207.3887
195.7346
179.474
163.7004
153.1072
163.4881
161.3583
179.749
198.047
186.2911
177.2253
165.6532
182.4091
162.131
146.6331
133.974
135.4771
136.3078
138.1728
141.3666
132.166
145.7698
153.0938
167.0348
166.5475
174.0961
174.7642
173.2006
172.7402
173.9055
175.0861
173.4944
179.2325
178.4698
184.1097
180.2548
186.5956
185.0795
175.4854
176.7296
180.9587
172.5753
179.4201
164.7956
165.943
150.3362
156.3547
135.3959
139.4591
112.6582
114.0069
92.10776
96.16267
76.52622
92.04034
89.23563
118.0464
121.5435
147.7272
130.1888
155.8098
126.8272
125.2603
115.5907
122.4925
102.1414
76.35767
53.1658
56.17696
39.15775
41.98649
31.79755
28.13085
11.35096
17.44081
38.58241
46.41745
62.95018
77.51757
80.36164
98.88782
91.43089
175.0062
193.0856
187.1267
139.3069
115.896
62.80194
51.20365
37.24809
45.23158
39.1209
33.27398
46.79172
48.13327
71.64023
91.92355
118.6181
119.8794
129.3468
122.4715
131.1125
126.0199
144.5131
156.4152
189.2995
191.5775
196.8593
174.186
172.1642
165.1165
154.7305
164.9488
163.4583
157.4465
156.3348
157.9175
161.6036
169.442
181.0995
192.301
211.5436
225.4319
247.0486
266.0883
259.8781
238.2853
244.3181
243.4855
230.4379
237.8822
250.0321
240.4429
263.1201
229.7116
259.9414
235.9091
218.8081
198.8752
172.4105
169.2926
160.2202
152.5225
147.7929
141.832
138.7728
135.7183
140.6476
137.0596
144.6492
143.5429
148.3304
151.7191
153.6946
150.0869
157.0692
157.628
166.631
167.2575
170.1256
174.2997
179.6476
182.8318
179.7346
168.6472
169.573
172.0192
156.5142
161.1996
150.1882
144.0306
136.9009
136.1396
124.6993
127.6082
122.7339
116.9046
107.2821
101.9889
89.84023
89.16069
83.73755
82.36048
81.1022
82.48038
84.41409
88.88422
85.89584
90.45048
98.84274
97.50846
111.7304
127.6099
128.3417
108.6757
92.31596
69.1897
64.48772
58.46911
54.06984
55.88097
82.28464
105.8156
158.2048
149.5221
150.2086
145.9936
170.7185
173.6763
198.4457
184.9121
168.3428
135.8576
114.1125
106.5664
88.96788
73.88428
68.75068
68.44563
80.66074
91.40106
100.2605
107.9138
98.03062
94.37505
111.1929
114.0975
126.2337
115.7726
77.78857
74.93569
74.40551
77.77681
73.1131
71.67773
70.15653
68.60989
66.49311
62.92724
61.50342
61.13954
61.51855
61.8867
61.62566
61.61696
61.40019
63.33799
66.79702
70.42368
77.65459
84.09242
90.60991
91.87039
95.70716
98.90708
105.0454
114.003
122.8015
130.1206
138.3512
145.1162
151.4184
158.8672
164.3683
161.6683
158.3324
160.4523
155.3356
155.1552
153.7782
160.5428
161.98
163.1178
165.9293
167.4409
175.1353
177.998
185.6692
183.1892
187.8348
190.8674
191.7589
190.8393
191.8309
193.4864
196.1907
201.3966
202.4619
203.0657
208.4382
205.0069
202.4841
207.5325
205.2437
204.6047
199.3756
196.6438
192.7987
187.1618
176.2531
170.5625
159.5832
157.4814
146.2146
137.8525
130.059
121.6029
113.8356
105.3956
96.98855
92.56195
87.55746
86.44137
82.68757
81.52698
77.59391
78.57652
79.40627
80.68758
82.21866
81.23058
81.18266
81.22144
78.37705
79.69947
73.51751
78.82442
68.72762
57.20043
55.5946
56.6212
54.80328
52.00515
48.57057
45.21252
45.54034
46.31882
46.6469
46.65311
49.70244
47.48132
44.77488
49.06459
53.33715
51.60538
54.43687
60.09577
67.28052
74.00124
89.38693
97.36081
100.5417
92.24664
89.7391
92.76983
85.04933
79.36865
27.50159
25.89805
26.15245
29.96512
29.97758
31.63438
37.64818
41.05676
34.06265
40.33293
33.51319
29.2716
29.58951
29.12077
26.33367
26.33945
27.17981
29.40158
27.5585
27.33749
28.44835
35.89305
33.18286
29.65479
25.57764
30.46189
26.40367
32.05464
34.66236
27.2662
29.46079
26.34146
27.3172
25.58446
35.70199
35.80699
25.91358
25.8303
35.97346
34.59784
29.60239
26.61608
26.75085
27.53381
26.60797
31.87791
36.74304
27.95988
28.96832
29.9788
28.33261
36.3834
27.98014
29.56852
36.50319
36.45087
28.54766
28.64602
30.66386
28.78708
31.9255
32.75958
31.13309
32.15268
38.45357
37.15899
27.34491
33.36607
30.67961
36.13758
34.9701
27.84294
32.54021
33.53354
34.03346
26.47478
27.17077
28.59317
29.07619
27.10797
28.71176
29.9649
25.84445
25.99968
27.00909
27.7545
26.30869
27.3415
26.49903
27.93398
26.59595
28.94909
36.69862
35.57391
33.98633
35.91242
26.24575
26.57746
25.9294
26.98075
32.2583
37.71156
31.83482
31.83354
36.78716
26.00611
28.78722
38.36902
37.05956
26.73086
34.98067
27.23524
42.73268
26.17858
26.04846
25.54096
29.30807
26.43564
26.35587
34.85336
32.87445
38.4813
29.72795
37.60394
36.39902
40.26229
37.48563
28.23442
