16.08612
16.08612
16.08612
16.08612
16.08612
16.08612
16.08612
16.08612
16.08612
16.08613
16.08612
16.08613
16.08613
16.08613
16.08613
16.08614
16.08614
16.08614
16.08614
16.08614
16.08615
16.08615
16.08615
16.08615
16.08615
16.08615
16.08615
16.08615
16.08615
16.08615
16.08615
16.08614
16.08614
16.08614
16.08614
16.08614
16.08614
16.08614
16.08614
16.08614
16.08614
16.08614
16.08614
16.08614
16.08614
16.08614
16.08614
16.08614
16.08614
16.08614
16.08614
16.08614
16.08614
16.08614
16.08614
16.08614
16.08614
16.08614
16.08614
16.08614
16.08614
16.08615
16.08615
16.08615
16.08615
16.08615
16.08614
16.08614
16.08614
16.08614
16.08613
16.08613
16.08613
16.08612
16.08613
16.08613
16.08613
16.08613
16.08613
16.08613
16.08613
16.08612
16.08612
16.08612
16.08612
16.08612
16.08612
16.08612
16.08612
16.08612
16.08612
16.08612
16.08611
16.08611
16.0861
16.08609
16.08609
16.08609
16.08608
16.08608
16.08608
16.08608
16.08608
16.08608
16.08608
16.08608
16.08609
16.08609
16.08608
16.08608
16.08609
16.08608
16.08608
16.08608
16.08609
16.08609
16.08609
16.08609
16.08609
16.0861
16.0861
16.0861
16.08611
16.08611
16.08611
16.08611
16.08611
16.08611
49.04995
44.33499
39.4184
35.18312
33.25844
33.16526
34.66437
36.37685
36.89581
37.05975
37.42712
37.87807
36.70535
32.34457
26.16719
20.42124
17.38083
16.50701
17.0549
17.09317
17.66588
18.64522
18.99417
18.23034
16.62168
15.38593
13.75177
12.55485
10.67826
9.496668
8.903536
8.259769
7.94865
7.537694
7.418043
7.259315
7.357531
7.698919
8.551075
9.653928
11.03351
12.99288
15.12758
17.63952
20.46692
24.29548
28.57977
33.68576
39.23351
46.40088
52.06213
59.99188
70.17489
83.99413
88.26137
82.47159
85.51952
135.6011
153.1664
196.2163
125.7725
136.3677
140.7864
141.477
195.4019
192.084
236.5909
259.3987
329.6983
372.7469
381.2942
370.8813
379.4148
349.6664
263.1463
273.2171
312.5666
278.1308
263.274
255.1456
235.0251
208.2553
188.6367
169.1482
166.0135
157.2331
137.1557
116.0168
105.4395
103.6437
88.49448
71.37487
54.86449
52.22621
48.35899
53.74198
50.20131
46.33282
41.91503
41.22345
39.92233
36.77431
36.08294
40.2426
48.99194
59.69823
64.02906
63.93621
63.40869
66.67885
73.71806
77.60291
80.57752
86.10889
99.39116
118.4952
119.1344
111.5223
103.1139
93.38296
88.45406
79.99677
74.59203
65.91689
64.35806
59.05198
55.96398
52.94751
43.3669
44.03312
38.877
31.83834
27.09019
24.58541
22.09384
21.42365
21.2214
21.25929
22.23491
22.37511
21.13952
20.15195
18.19677
17.50409
16.19924
15.20792
15.45623
16.2044
16.55367
16.07965
16.73331
22.37708
33.1106
43.08817
43.02578
45.402
38.29523
34.00619
30.52087
26.34858
23.88426
21.64424
19.26774
18.39487
17.22688
17.33513
17.13269
17.31523
17.28547
17.2051
17.27377
17.57501
17.76932
19.74113
21.30806
21.74524
23.72429
25.82982
28.76139
31.74001
39.8595
45.20034
51.59198
64.72842
106.3704
121.7461
175.3665
206.3942
230.5371
171.3462
192.9131
209.1759
240.6368
296.2115
345.8084
403.1945
495.3584
528.1868
622.8908
677.9631
715.6764
831.843
826.9021
849.5891
741.6701
710.0976
629.189
583.2232
493.0115
420.6268
377.7195
336.5345
287.1356
256.2171
228.7464
204.5894
196.8298
200.3896
226.7604
237.1915
239.1741
223.4202
215.8515
197.5051
176.8241
134.8836
127.3932
92.82011
101.7829
66.48634
60.6038
73.44022
80.30412
99.11507
104.0806
105.3646
115.801
161.3335
168.2898
207.2567
219.1941
245.5704
212.9363
242.3053
196.0744
207.7918
208.5157
200.9104
187.3663
157.7921
163.1317
117.6745
96.10211
69.95119
58.14001
54.10784
189.5453
165.1891
130.5352
107.201
91.07353
70.11267
62.8994
56.59822
61.25141
65.62201
58.0265
75.65243
68.04119
64.15133
43.54734
52.24303
35.1417
31.25665
22.56008
24.13317
19.4901
22.69305
24.67494
31.59483
33.11716
72.51446
90.46793
92.3138
80.02281
70.73155
73.23079
58.03762
51.98609
47.20436
39.85691
38.27613
34.75054
34.00627
33.31535
36.11531
40.1759
38.28494
41.77621
38.84347
39.94978
36.93301
37.29124
34.27198
38.71509
36.20902
43.03826
42.56464
49.3818
62.08085
72.72644
91.20674
96.9967
115.43
110.3372
92.5254
141.0294
152.0693
188.4516
211.082
239.3576
302.8284
342.5179
401.2571
439.2203
502.3096
539.6172
605.3678
628.4525
704.8296
694.4485
799.6076
710.2458
856.8768
785.1315
840.9141
728.6836
738.0225
564.1953
581.9564
461.164
437.6724
390.399
401.6367
386.3729
378.2573
375.333
383.2924
379.1565
350.556
398.7035
415.6676
474.2649
357.0441
451.295
382.8154
464.3976
358.895
370.0861
245.8334
169.8097
170.1999
132.9808
116.0472
159.199
186.2847
202.5937
221.8722
224.1225
231.9648
236.258
272.8955
284.7737
299.3522
304.9931
299.9784
341.6148
325.7231
335.5424
326.6935
339.0419
288.7207
233.7916
188.8917
302.1721
273.7272
251.9723
244.286
226.7289
204.6759
228.0612
199.2184
211.5323
200.8169
183.3125
192.718
147.9343
176.6084
191.8319
217.8173
109.5134
121.4886
76.58939
92.51866
54.28157
72.74597
53.04885
73.14278
31.97534
39.69094
127.514
186.7252
220.5419
176.3321
152.8838
113.9757
109.1169
97.43295
80.53129
80.2095
78.68019
82.93935
78.04072
90.98911
112.5998
106.4741
151.8951
135.5379
150.305
129.807
116.9
132.416
134.944
119.7843
140.5185
154.9007
174.4429
245.2275
253.4951
355.0529
355.8781
486.2307
440.7751
971.1243
869.0886
657.3186
806.2986
748.9613
705.2488
738.3936
691.478
695.6728
686.3695
720.0375
712.988
728.1859
723.6403
761.642
756.4369
789.125
790.5137
813.374
783.9715
772.9496
714.3898
681.727
597.737
582.8876
504.9263
489.2398
435.0093
422.5027
400.999
385.5913
381.2126
361.2804
482.939
499.8344
541.0312
466.0086
477.9148
414.2136
439.5537
432.7662
564.0941
598.0079
509.4665
669.5425
166.3074
534.0633
426.8177
336.6999
345.9572
335.1516
320.5815
321.9947
324.3209
340.9524
349.3539
358.5929
374.8795
390.9063
395.7066
405.3042
391.231
432.2827
369.8832
371.8036
341.9596
325.3794
372.622
384.4995
519.9125
455.6306
406.4613
368.3255
334.6653
314.2197
306.451
301.3758
300.8747
287.6271
303.1375
266.182
328.7796
272.7158
272.2908
336.7602
309.7934
295.755
214.5408
283.9531
160.6486
205.9794
177.7504
258.0302
227.2009
226.1284
278.2747
235.3934
259.7427
210.7043
233.0255
233.1742
220.9979
208.7465
207.4201
209.9406
237.3473
224.8132
232.1129
289.3839
425.7671
271.7617
450.0538
326.9695
452.7887
407.7894
338.23
436.107
296.1428
334.5373
316.6612
384.9816
347.4977
577.1683
407.5721
653.1602
568.5104
560.5065
518.7822
570.7089
541.2634
617.8676
627.3962
564.9438
541.4932
557.9309
556.2712
565.8321
557.9678
554.525
564.8577
553.8743
542.8732
555.1601
539.2227
554.5465
548.246
552.2083
537.9886
555.2411
539.0579
560.758
540.4205
568.7828
547.0405
519.8986
519.2742
490.4218
495.9519
467.7587
493.9563
478.4486
530.1274
508.1453
499.3452
469.0015
465.7873
454.3093
487.4288
545.7543
556.6884
706.1233
718.6109
1175.096
532.083
784.7788
432.0271
399.5001
301.392
333.6407
307.777
311.3383
321.0751
328.189
332.6048
340.6242
353.5345
373.8308
386.3625
434.2911
454.4226
495.0469
520.7496
563.8293
623.6056
623.5195
579.8988
533.18
572.2817
571.2701
584.3421
580.5087
572.6627
542.4123
541.5712
525.2491
514.9341
522.0212
517.3476
528.1532
523.2419
535.4881
512.8575
530.1544
491.2953
432.2067
307.3823
449.6306
397.3527
437.6397
325.8701
355.7819
309.7462
428.8425
377.2392
369.4198
360.1985
334.7781
246.6827
267.5367
251.2256
270.4802
265.5159
264.4094
311.2841
305.7764
346.2841
291.5411
524.3527
416.5297
564.049
395.3229
456.4134
448.4217
411.1296
589.1055
429.2571
579.7569
434.1858
501.029
485.5728
586.8371
504.2228
691.051
628.3701
700.3948
627.1281
641.1831
598.4055
560.376
534.5653
519.7676
524.8768
532.8935
517.2712
521.4468
503.8724
504.2379
504.0499
507.572
496.5865
512.39
483.4244
484.1282
479.7753
488.104
456.0319
441.6466
434.8343
437.9674
408.9727
414.549
408.9464
423.2713
424.4064
427.3495
428.8006
430.9785
437.7701
430.4958
429.5847
432.4133
435.6815
453.8842
446.0992
469.1805
480.1598
512.8353
508.2734
610.5207
609.4543
830.8811
758.8496
992.3667
993.8464
762.463
406.5739
374.7382
328.9644
321.9129
327.6931
332.9857
335.6722
336.7513
346.8832
375.0401
402.5179
406.023
405.2509
421.5656
441.104
475.679
485.1613
516.1073
532.5635
548.3518
418.5462
409.871
400.8318
439.028
432.2957
437.3512
433.2321
446.3833
450.8752
461.6015
460.9713
492.0862
486.6194
548.5527
579.0268
658.505
648.2058
724.2528
717.5751
752.4898
680.2144
671.0776
526.7814
534.8132
480.5386
514.7938
489.1053
543.9977
531.0385
558.1454
556.664
558.4323
566.3721
556.1506
576.0805
576.7364
600.1437
577.1074
612.7642
612.3547
694.8676
668.0823
690.1605
646.94
722.8756
747.0677
739.8932
787.9778
729.5311
767.6411
628.3286
641.9518
541.4719
548.5031
508.3558
539.8102
533.6573
578.9763
539.541
512.461
484.5481
455.9739
435.9673
427.0235
430.8135
422.528
412.1664
399.6534
379.2714
370.5843
372.906
380.621
382.8345
371.7297
352.715
370.1496
362.1449
361.8346
366.0897
357.7508
363.9634
359.7855
352.5304
347.3736
353.2584
378.0635
371.9201
374.6153
390.3695
394.3415
403.9021
408.0627
426.2518
427.5653
413.436
446.5834
419.4077
438.0885
434.9259
468.1114
479.7386
506.957
532.1036
638.0211
657.9772
755.722
652.6312
896.8885
624.3362
439.863
382.3285
363.3217
364.5506
357.9274
353.3081
380.3928
397.8397
389.8471
401.1717
416.5027
416.1415
420.9394
409.752
411.2294
420.7081
409.9115
414.7832
394.8319
511.516
520.8
505.3416
506.7861
490.2911
504.177
507.9929
505.3793
507.5909
507.9301
508.3853
521.7131
520.9188
522.7994
516.4016
521.2232
521.1058
541.4172
545.2422
578.682
565.9641
563.7591
547.2844
525.6078
514.3159
496.5374
491.0994
486.6448
490.5506
491.1713
484.7939
503.1445
488.5045
506.3229
516.3605
501.9343
530.5065
532.3142
549.0889
515.5117
518.7654
488.5012
491.8392
497.9193
486.7812
468.7079
495.7521
500.847
494.1983
514.5739
517.2448
505.7459
456.2165
452.3701
407.4892
392.3052
370.6687
375.4188
362.3348
350.2899
353.7867
324.7436
322.8103
322.3015
297.7299
284.1277
270.5452
244.3016
237.6109
234.5153
230.5008
229.3613
216.1962
202.1962
205.8184
231.282
206.2883
207.2788
210.0858
208.8743
212.8257
206.7928
214.02
223.4006
230.1344
242.6286
243.851
260.655
271.9039
293.7046
289.284
306.2895
320.8131
342.5791
355.729
366.2993
377.3882
400.536
404.7147
452.0386
420.1535
486.1409
450.3341
491.0262
441.9773
520.3203
583.2005
627.7507
537.3177
488.0541
436.393
428.7365
435.2451
438.2318
433.4113
458.8471
455.8166
469.7503
467.8767
463.243
466.0749
478.7602
484.7434
482.505
501.9543
494.9218
495.7043
486.0833
516.4389
516.4156
492.3951
494.4726
508.4325
504.4256
528.9333
539.9892
536.7032
544.337
543.512
560.4808
575.5681
568.5519
556.7774
573.2966
558.4847
553.2947
554.0941
547.9392
531.4791
544.2173
531.9092
547.9346
553.515
556.1109
561.9825
584.1592
579.2236
549.7454
545.5826
537.2258
539.4861
528.0978
524.2045
502.7779
512.1492
498.8727
519.2291
507.8027
516.5624
506.5329
513.3074
486.5623
479.2506
467.7652
452.7778
432.2358
416.6798
396.4798
380.2508
375.5997
334.9122
315.0814
283.1525
275.8048
256.2567
243.9835
216.9029
222.4764
197.7835
179.2755
163.6564
156.9567
147.2163
151.4307
137.7815
121.9731
134.222
123.2607
115.2653
112.0911
108.3168
107.2303
101.9815
99.93654
93.39999
94.04263
93.14908
89.60286
101.3645
103.2767
108.1357
130.0276
124.148
127.1714
125.1933
135.7276
136.475
154.8867
165.5153
194.2273
213.1217
226.5357
241.6939
262.4495
272.7338
297.444
329.2597
310.1201
372.5443
286.6131
370.3714
396.2064
382.6918
398.7615
372.3189
485.304
444.0026
431.1924
431.7943
451.2133
456.9213
470.5261
457.853
470.1394
474.2774
496.38
497.491
493.9553
495.7954
499.6138
508.2186
505.8109
519.6361
513.1658
504.8732
498.8773
504.3212
498.7335
498.6971
496.7513
501.6596
495.3806
512.7727
508.6011
508.4764
521.5767
519.2955
515.4362
520.743
515.3142
513.3242
518.351
512.8234
525.5441
502.5457
517.8807
518.8558
534.3456
536.9059
534.3306
549.0396
530.6046
539.8099
519.4299
527.6467
523.9254
535.46
547.8474
536.1069
532.4296
520.1024
503.2535
513.4028
494.3734
503.1925
497.5882
483.2078
456.2133
451.7623
429.3433
406.3014
385.011
347.0905
317.5112
283.1118
277.8981
250.6049
229.6392
187.6159
175.9141
148.6633
135.2641
111.8762
105.2537
86.78347
92.52148
81.51809
77.28201
78.40794
72.29625
74.38735
63.02291
64.75948
61.16737
49.66662
47.14558
39.17181
40.05977
34.34127
35.38556
34.05986
39.57634
34.58587
34.73141
35.44145
33.66821
39.55641
41.06904
49.1748
55.29606
56.57917
56.77169
65.95213
73.0834
78.70968
88.17424
87.30624
101.0693
107.471
130.5322
142.4856
154.5764
174.4755
199.2219
191.8123
237.0053
162.2957
430.2301
703.3167
1324.711
252.5572
234.1431
286.122
298.3648
372.3787
390.472
374.1485
399.0431
417.049
428.8599
432.6111
499.9652
459.2069
479.6727
468.166
502.475
536.0808
532.8873
532.4633
558.2052
549.4926
530.8083
521.565
509.7566
420.9728
427.8038
418.7057
422.5252
403.7891
389.6296
409.9926
420.196
414.4463
411.8422
394.35
402.3667
407.4328
416.0817
413.6957
436.0563
434.4066
438.6168
439.5342
438.8077
430.3008
435.4382
441.9176
448.7961
435.0951
452.5771
456.4933
451.5513
468.7963
463.0412
473.5033
494.2839
480.8297
473.5056
461.8044
456.2523
452.6128
438.6254
419.8141
408.0497
377.6413
351.8551
327.1701
300.0065
286.0893
260.2585
232.8824
209.8678
162.7549
156.8743
122.2435
104.5247
89.40112
78.52614
64.79396
52.44346
35.02428
29.62049
26.14219
21.7488
27.18916
16.7461
19.07563
18.70621
17.02502
18.10483
16.89346
13.82047
15.57771
15.08059
13.70535
12.42744
11.98763
11.90358
9.534027
9.120849
8.4556
13.48683
9.755486
12.8889
12.47957
16.59565
13.74303
16.84118
22.78967
23.0666
25.22257
28.19673
28.88136
34.60136
35.20066
45.13931
54.61404
62.17419
73.97587
94.42249
94.39164
114.9366
114.574
118.5761
124.533
351.7961
1222.937
206.0954
113.8255
110.4724
202.6707
179.2208
180.7652
242.8118
274.9361
304.0191
309.0766
341.5333
368.2512
376.666
382.0065
404.9782
414.0882
415.0074
423.6656
421.6638
426.459
445.0861
463.9329
439.0158
429.5993
413.3009
296.2104
287.5237
294.1443
296.5505
289.3199
270.7982
264.8215
270.4425
260.5052
277.5721
294.1644
297.2607
305.3596
302.7988
297.7654
305.4298
306.96
307.1798
327.269
337.2603
343.7469
326.0308
350.099
327.4341
392.5536
375.0765
334.78
364.964
374.6444
386.9187
374.9727
370.6923
355.1401
367.0464
366.5789
343.434
332.3616
300.425
287.0927
250.7464
241.7661
214.4589
202.8105
186.1344
150.3734
130.3113
102.0416
89.82799
75.6936
58.26283
39.1347
28.20286
19.25776
12.99474
7.344453
5.95189
4.190744
7.686022
4.15763
3.050483
3.705957
4.151873
4.19101
4.273982
8.178189
6.910614
3.09621
2.460116
2.992451
3.174719
2.684702
2.929513
2.07225
3.414463
3.134203
3.04914
1.385032
1.389734
2.53964
1.798563
0.7272756
1.497644
3.206845
3.387445
4.226469
5.986536
5.239091
6.550518
8.283031
7.237134
10.37879
11.06176
12.552
16.83965
23.27384
31.44949
40.76832
40.44739
50.90313
44.42992
57.39742
327.9204
1400.174
329.8983
124.5274
95.94341
105.7266
99.03213
142.2377
182.1171
193.6501
203.4728
206.4631
220.1408
217.3853
240.8227
239.1205
249.878
251.4867
254.1024
262.5184
264.4148
283.206
297.3181
314.2597
312.5731
299.8189
309.6721
154.6277
169.7666
161.5882
155.6015
153.7218
143.8873
137.0358
140.374
142.2371
136.6642
130.6988
131.6922
134.3406
134.69
144.5819
141.4174
144.9093
141.1931
159.2429
161.9026
178.0842
185.5546
204.7056
196.5183
210.0943
205.2009
208.2885
214.2486
213.5268
219.3764
202.6894
198.7524
198.2742
189.9797
172.0797
164.4833
156.1585
140.9687
134.9084
120.1007
105.3062
86.75589
80.98069
65.31488
60.78645
50.92703
29.65929
19.95666
20.83967
8.045991
4.871294
0.9749021
0.5571851
 0
 0
 0
0.008303859
0.07226031
0.06133383
0.3537611
120.9664
4.482726
0.6309052
0.3450131
0.2279996
0.3207116
0.3354025
1.18385
 0
 0
0.1391873
0.5555927
0.5120103
0.262437
0.01117894
0.05540191
0.00430488
0.1541057
0.03128218
0.09151939
0.4573314
0.6286212
0.01877882
0.001146566
0.2221621
0.2612481
0.7439803
0.5271974
0.596203
0.4119654
1.060538
0.7671645
2.272628
2.420934
5.245068
5.548059
10.68187
13.45605
14.56899
15.64781
13.23764
47.34575
1068.661
303.9028
91.70436
68.28972
71.49763
69.02441
91.8206
85.75858
86.35608
92.01437
98.34287
100.1507
97.03103
108.6557
110.1994
114.0345
106.8998
116.0018
131.5004
135.5988
145.3285
155.5643
154.6793
160.6429
150.0168
164.0166
74.55122
78.2018
70.98463
66.57102
63.04167
58.62831
58.85727
67.64059
65.21424
72.71651
75.41598
75.52359
82.36992
87.40792
86.25653
77.20451
84.62048
83.93041
88.2242
89.13188
98.4212
90.97955
92.28108
93.42972
103.9211
106.6455
106.3452
103.5339
103.6275
102.2178
96.09146
88.95955
84.55182
83.23929
74.78783
66.68036
61.42834
53.20289
44.83315
35.02625
29.25953
27.51335
23.81773
17.9957
12.48468
8.129804
4.939167
3.42753
1.011142
0.4762746
0.3737734
0.2264343
2.010522
 0
 0
 0
 0
 0
 0
 0
0.1584686
68.47046
0.3680782
 0
0.3128651
4.521584e-11
0.1166013
 0
 0
 0
 0
 0
0.06059229
8.6387e-15
0.1055224
0.01283063
 0
 0
 0
 0
 0
 0
 0
 0
 0
 0
 0
 0
0.02944071
0.005088555
 0
0.05153912
0.3102538
0.1709609
0.480006
1.303187
1.995971
1.919413
2.647345
1.038005
0.4493725
1.150537
513.2183
426.4677
149.0884
49.80183
41.98436
43.66369
42.24322
40.23957
37.84839
38.81589
35.0741
37.91993
39.76712
37.63965
40.83221
41.27009
41.67313
50.78354
53.53104
62.84663
68.76006
68.31474
69.58053
67.20511
63.86632
64.82956
21.53148
26.09543
26.01586
21.83031
23.08561
16.03033
16.76473
15.41148
14.85545
12.91779
14.48038
14.20964
16.40901
15.49657
18.95009
16.26782
18.83318
18.15151
17.14753
16.80497
22.85899
21.00946
23.7729
24.91508
29.33888
25.54915
29.35983
30.35375
29.69326
22.84985
19.83332
20.65126
18.40767
15.53648
15.75909
9.812927
10.36634
6.843083
6.490992
3.704191
3.74629
2.44518
0.9067135
0.6089147
1.096339
0.6750535
0.4618238
0.2085034
0.02043945
0.005829525
 0
 0
3.521822
0.03039632
 0
 0
 0
 0
 0
 0
 0
 0
3.018152
0.1269626
 0
 0
 0
 0
 0
 0
 0
 0
 0
 0
 0
 0
 0
 0
 0
 0
 0
 0
 0
 0
 0
 0
 0
 0
 0
 0
 0
 0
 0
 0
 0
 0
0.19004
 0
 0
 0
0.02832554
0.0004131749
90.0862
307.0599
124.8806
26.12218
18.45975
20.23879
20.55799
12.52264
10.20417
8.547049
9.936435
8.189588
8.024162
9.811277
10.40624
10.83795
10.65743
11.4957
13.48086
17.54197
16.1198
24.13176
20.86673
20.5821
20.82657
23.29464
2.702234
4.592424
5.217607
2.061879
1.290474
1.119983
1.904995
0.9830198
0.5721462
0.5834379
0.8041521
1.671422
1.418024
2.663063
1.778336
1.910519
1.594759
1.266934
1.081205
1.533396
1.47156
1.992588
1.85735
1.6639
2.116314
3.213002
3.158379
1.663351
2.172184
1.545468
1.262181
1.323356
1.599774
2.119222
1.332033
0.6792522
0.6626687
0.2373155
0.8829645
0.3613594
0.1789019
0.03646491
0.000767532
 0
 0
 0
0.1208618
 0
 0
 0
0.07138928
3.060298
12.47994
5.002095
 0
 0
 0
 0
 0
 0
 0
 0
0.7934977
0.3388218
 0
 0
 0
 0
 0
 0
 0
 0
 0
 0
 0
 0
 0
 0
 0
 0
 0
 0
 0
 0
 0
 0
 0
 0
 0
 0
 0
 0
 0
 0
 0
 0
 0
 0
 0
 0
0.001983561
 0
2.110366
440.8248
23.09032
12.73396
10.79048
10.20422
6.845215
4.546224
2.55913
2.067093
0.5771177
0.5186666
0.3727745
0.7981716
0.9140602
0.8421018
2.100432
1.502006
2.65515
2.274091
2.945389
2.311604
4.028918
3.071585
2.725133
3.109884
0.1304574
0.8536985
0.07218021
0.01909957
0.2302894
0.0003273341
 0
0.2355862
0.6328499
 0
 0
 0
 0
0.08674006
0.0002011811
0.03532734
 0
 0
 0
0.01926369
0.05401636
0.003165814
 0
0.0002704347
0.03322334
8.072064e-05
0.02848571
0.03402729
0.009112534
0.0217244
0.09632319
0.007613869
0.1242692
0.2869483
0.003101581
0.008348023
0.01755114
0.02732429
0.02900791
0.0003039048
 0
 0
0.163421
 0
 0
 0
 0
 0
 0
0.2132125
0.8035744
1.594162
7.289759
37.50164
 0
 0
 0
 0
 0
 0
 0
 0
 0
 0
 0
 0
 0
 0
 0
 0
 0
 0
 0
 0
 0
 0
 0
 0
 0
 0
 0
 0
 0
 0
 0
 0
 0
 0
 0
 0
 0
 0
 0
 0
 0
 0
 0
 0
 0
 0
 0
 0
0.004527216
638.9173
17.00647
8.218579
3.633721
3.113476
3.925979
1.736276
0.2025842
0.04044815
 0
 0
 0
 0
 0
 0
 0
0.02438929
0.0008298458
0.0003433722
 0
9.101552e-07
0.006841928
5.188213e-06
0.292623
0.2167937
 0
 0
0.01190131
 0
 0
 0
 0
31.29956
74.88071
86.96736
11.52506
 0
 0
 0
 0
 0
 0
 0
 0
 0
 0
 0
 0
 0
 0
 0
 0
 0
0.0001210702
 0
 0
 0
 0
 0
 0
 0
3.30435e-13
 0
 0
 0
 0
 0
0.7849142
1.573691
0.1878829
0.01160612
0.0006096006
0.03515925
0.07600615
0.4701014
0.7404799
1.052737
2.337253
11.53823
1.042553
 0
 0
 0
 0
 0
 0
 0
 0
 0
 0
 0
 0
 0
 0
 0
 0
 0
 0
 0
 0
 0
 0
 0
 0
 0
 0
 0
 0
 0
 0
 0
 0
 0
 0
 0
 0
 0
 0
 0
 0
 0
 0
 0
 0
 0
 0
 0
 0
885.9701
5.048949
7.120398
1.031481
0.9684345
1.385951
1.674992
0.2551742
0.002209987
 0
 0
 0
 0
 0
 0
 0
 0
 0
 0
 0
 0
 0
 0
 0
 0
 0
 0
 0
 0
 0
 0
0.1119594
9.229061
21.04195
19.03436
242.1395
0.8171148
 0
 0
 0
 0
 0
 0
 0
 0
 0
 0
 0
 0
 0
 0
 0
 0
 0
 0
 0
 0
 0
 0
 0
 0
 0
 0
 0
 0
 0
0.008673576
1.820188
3.064225
1.06075
0.5847985
0.09147405
0.2761529
0.1514671
0.4436812
0.2069247
0.4516482
0.193489
1.990947
3.165132
 0
 0
 0
 0
 0
 0
 0
 0
 0
 0
 0
 0
 0
 0
 0
 0
 0
 0
 0
 0
 0
 0
 0
 0
 0
 0
 0
 0
 0
 0
 0
 0
 0
 0
 0
 0
 0
 0
 0
 0
 0
 0
 0
 0
 0
 0
 0
 0
380.219
7.322975
0.8865083
0.09125252
0.2672697
0.2430601
0.7955611
1.634166
 0
 0
 0
 0
 0
 0
 0
 0
 0
 0
 0
 0
 0
 0
 0
 0
 0
 0
 0
 0
 0
 0
 0
6.260928
4.601648
5.06838
5.686678
17.58989
6.92869
 0
 0
 0
 0
 0
 0
 0
 0
 0
 0
 0
 0
 0
 0
 0
 0
 0
 0
 0
 0
 0
 0
 0
 0
 0
 0
 0
 0
 0
0.02012889
0.4589072
1.664932
0.4352553
0.3317247
1.314043
1.193219
0.2077018
0.002567765
0.01192683
0.2109804
0.6352838
1.388929
0.1242628
 0
 0
 0
 0
 0
 0
 0
 0
 0
 0
 0
 0
 0
 0
 0
 0
 0
 0
 0
 0
 0
 0
 0
 0
 0
 0
 0
 0
 0
 0
 0
 0
 0
 0
 0
 0
 0
 0
 0
 0
 0
 0
 0
 0
 0
 0
 0
 0
14.81886
1445.996
1.071302
0.006038131
0.01564761
0.228833
0.06860594
2.126008
0.0004311062
 0
 0
 0
 0
 0
 0
 0
 0
 0
 0
 0
 0
 0
 0
 0
 0
 0
 0
 0
 0
 0
 0
3.312281
1.06796
1.918328
0.7917316
0.1108479
 0
 0
 0
 0
 0
 0
 0
 0
 0
 0
 0
 0
 0
 0
 0
 0
 0
 0
 0
 0
 0
 0
 0
 0
 0
 0
 0
 0
 0
 0
 0
0.001746819
0.03553429
8.460325e-12
8.640891e-05
0.003511224
0.3096539
0.7247241
0.1143397
0.07114641
0.1163867
0.4433663
0.08094386
 0
 0
 0
 0
 0
 0
 0
 0
 0
 0
 0
 0
 0
 0
 0
 0
 0
 0
 0
 0
 0
 0
 0
 0
 0
 0
 0
 0
 0
 0
 0
 0
 0
 0
 0
 0
 0
 0
 0
 0
 0
 0
 0
 0
 0
 0
 0
 0
 0
0.445104
1217.186
2.882737
0.0295995
4.711011e-07
1.584733e-05
0.004591091
0.01646142
0.1773468
0.2924402
 0
 0
 0
 0
 0
 0
 0
 0
 0
 0
 0
 0
 0
 0
 0
 0
 0
 0
 0
 0
0.01438212
0.04346502
0.0001530923
0.8399162
0.09018548
0.06837253
 0
 0
 0
 0
 0
 0
 0
 0
 0
 0
 0
 0
 0
 0
 0
 0
 0
 0
 0
 0
 0
 0
 0
 0
 0
 0
 0
 0
 0
 0
 0
 0
 0
 0
 0
 0
 0
0.006778691
 0
 0
0.01320687
 0
 0
 0
 0
 0
 0
 0
 0
 0
 0
 0
 0
 0
 0
 0
 0
 0
 0
 0
 0
 0
 0
 0
 0
 0
 0
 0
 0
 0
 0
 0
 0
 0
 0
 0
 0
 0
 0
 0
 0
 0
 0
 0
 0
 0
 0
 0
 0
 0
 0
 0
 0
1537.255
11.32385
0.0003614668
0.003644313
 0
 0
 0
 0
 0
 0
 0
 0
 0
 0
 0
 0
 0
 0
 0
 0
 0
 0
 0
 0
 0
 0
 0
 0
 0
 0
1.446083e-06
6.838467e-05
 0
 0
 0
 0
 0
 0
 0
 0
 0
 0
 0
 0
 0
 0
 0
 0
 0
 0
 0
 0
 0
 0
 0
 0
 0
 0
 0
 0
 0
 0
 0
 0
 0
 0
 0
 0
 0
 0
 0
 0
 0
 0
 0
 0
 0
 0
 0
 0
 0
 0
 0
 0
 0
 0
 0
 0
 0
 0
 0
 0
 0
 0
 0
 0
 0
 0
 0
 0
 0
 0
 0
 0
 0
 0
 0
 0
 0
 0
 0
 0
 0
 0
 0
 0
 0
 0
 0
 0
 0
 0
 0
 0
 0
 0
 0
0.1765665
1807.836
0.2661597
 0
 0
 0
 0
 0
 0
 0
 0
 0
 0
 0
 0
 0
 0
 0
 0
 0
 0
 0
 0
 0
 0
 0
 0
 0
 0
 0
 0
 0
 0
 0
 0
 0
 0
 0
 0
 0
 0
 0
 0
 0
 0
 0
 0
 0
 0
 0
 0
 0
 0
 0
 0
 0
 0
 0
 0
 0
 0
 0
 0
 0
 0
 0
 0
 0
 0
 0
 0
 0
 0
 0
 0
 0
 0
 0
 0
 0
 0
 0
 0
 0
 0
 0
 0
 0
 0
 0
 0
 0
 0
 0
 0
 0
 0
 0
 0
 0
 0
 0
 0
 0
 0
 0
 0
 0
 0
 0
 0
 0
 0
 0
 0
 0
 0
 0
 0
 0
 0
 0
 0
 0
 0
 0
 0
38.32665
7404.73
0.3497269
 0
 0
 0
 0
 0
 0
 0
 0
 0
 0
 0
 0
 0
 0
 0
 0
 0
 0
 0
 0
 0
 0
 0
 0
 0
 0
 0
 0
 0
 0
 0
 0
 0
 0
 0
 0
 0
 0
 0
 0
 0
 0
 0
 0
 0
 0
 0
 0
 0
 0
 0
 0
 0
 0
 0
 0
 0
 0
 0
 0
 0
 0
 0
 0
 0
 0
 0
 0
 0
 0
 0
 0
 0
 0
 0
 0
 0
 0
 0
 0
 0
 0
 0
 0
 0
 0
 0
 0
 0
 0
 0
 0
 0
 0
 0
 0
 0
 0
 0
 0
 0
 0
 0
 0
 0
 0
 0
 0
 0
 0
 0
 0
 0
 0
 0
 0
 0
 0
 0
 0
 0
 0
 0
 0
 0
0.009627171
 0
 0
 0
 0
 0
 0
 0
 0
 0
 0
 0
 0
 0
 0
 0
 0
 0
 0
 0
 0
 0
 0
 0
 0
 0
 0
 0
 0
 0
 0
 0
 0
 0
 0
 0
 0
 0
 0
 0
 0
 0
 0
 0
 0
 0
 0
 0
 0
 0
 0
 0
 0
 0
 0
 0
 0
 0
 0
 0
 0
 0
 0
 0
 0
 0
 0
 0
 0
 0
 0
 0
 0
 0
 0
 0
 0
 0
 0
 0
 0
 0
 0
 0
 0
 0
 0
 0
 0
 0
 0
 0
 0
 0
 0
 0
 0
 0
 0
 0
 0
 0
 0
 0
 0
 0
 0
 0
 0
 0
 0
 0
 0
 0
 0
 0
 0
 0
 0
 0
 0
 0
 0
 0
 0
 0
 0
 0
 0
 0
 0
 0
 0
 0
 0
 0
 0
 0
 0
 0
 0
 0
 0
 0
 0
 0
 0
 0
 0
 0
 0
 0
 0
 0
 0
 0
 0
 0
 0
 0
 0
 0
 0
 0
 0
 0
 0
 0
 0
 0
 0
 0
 0
 0
 0
 0
 0
 0
 0
 0
 0
 0
 0
 0
 0
 0
 0
 0
 0
 0
 0
 0
 0
 0
 0
 0
 0
 0
 0
 0
 0
 0
 0
 0
 0
 0
 0
 0
 0
 0
 0
 0
 0
 0
 0
 0
 0
 0
 0
 0
 0
 0
 0
 0
 0
 0
 0
 0
 0
 0
 0
 0
 0
 0
 0
 0
 0
 0
 0
 0
 0
 0
 0
 0
 0
 0
 0
 0
 0
 0
 0
 0
 0
 0
 0
 0
 0
 0
 0
 0
 0
 0
 0
 0
 0
 0
 0
 0
 0
 0
 0
 0
 0
 0
 0
 0
 0
 0
 0
 0
 0
 0
 0
 0
 0
 0
 0
 0
 0
 0
 0
 0
 0
 0
 0
 0
 0
 0
 0
 0
 0
 0
 0
 0
 0
 0
 0
 0
 0
 0
 0
 0
 0
 0
 0
 0
 0
 0
 0
 0
 0
 0
 0
 0
 0
 0
 0
 0
 0
 0
 0
 0
 0
 0
 0
 0
 0
 0
 0
 0
 0
 0
 0
 0
 0
 0
 0
 0
 0
 0
 0
 0
 0
 0
 0
 0
 0
 0
 0
 0
 0
 0
 0
 0
 0
 0
 0
 0
 0
 0
 0
 0
 0
 0
 0
 0
 0
 0
 0
 0
 0
 0
 0
 0
 0
 0
 0
 0
 0
 0
 0
 0
 0
 0
 0
 0
 0
 0
 0
 0
 0
 0
 0
 0
 0
 0
 0
 0
 0
 0
 0
 0
 0
 0
 0
 0
 0
 0
 0
 0
 0
 0
 0
 0
 0
 0
 0
 0
 0
 0
 0
 0
 0
 0
 0
 0
 0
 0
 0
 0
 0
 0
 0
 0
 0
 0
 0
 0
 0
 0
 0
 0
 0
 0
 0
 0
 0
 0
 0
 0
 0
 0
 0
 0
 0
 0
 0
 0
 0
 0
 0
 0
 0
 0
 0
 0
 0
 0
 0
 0
 0
 0
 0
 0
 0
 0
 0
 0
 0
 0
 0
 0
 0
 0
 0
 0
 0
 0
 0
 0
 0
 0
 0
 0
 0
 0
 0
 0
 0
 0
 0
 0
 0
 0
 0
 0
 0
 0
 0
 0
 0
 0
 0
 0
 0
 0
 0
 0
 0
 0
 0
 0
 0
 0
 0
 0
 0
 0
 0
 0
 0
 0
 0
 0
 0
 0
 0
 0
 0
 0
 0
 0
 0
 0
 0
 0
 0
 0
 0
 0
 0
 0
 0
 0
 0
 0
 0
 0
 0
 0
 0
 0
 0
 0
 0
 0
 0
 0
 0
 0
 0
 0
 0
 0
 0
 0
 0
 0
 0
 0
 0
 0
 0
 0
 0
 0
 0
 0
 0
 0
 0
 0
 0
 0
 0
 0
 0
 0
 0
 0
 0
 0
 0
 0
 0
 0
 0
 0
 0
 0
 0
 0
 0
 0
 0
 0
 0
 0
 0
 0
 0
 0
 0
 0
 0
 0
 0
 0
 0
 0
 0
 0
 0
 0
 0
 0
 0
 0
 0
 0
 0
 0
 0
 0
 0
 0
 0
 0
 0
 0
 0
 0
 0
 0
 0
 0
 0
 0
 0
 0
 0
 0
 0
 0
 0
 0
 0
 0
 0
 0
 0
 0
 0
 0
 0
 0
 0
 0
 0
 0
 0
 0
 0
 0
 0
 0
 0
 0
 0
 0
 0
 0
 0
 0
 0
 0
 0
 0
 0
 0
 0
 0
 0
 0
 0
 0
 0
 0
 0
 0
 0
 0
 0
 0
 0
 0
 0
 0
 0
 0
 0
 0
 0
 0
 0
 0
 0
 0
 0
 0
 0
 0
 0
 0
 0
 0
 0
 0
 0
 0
 0
 0
 0
 0
 0
 0
 0
 0
 0
 0
 0
 0
 0
 0
 0
 0
 0
 0
 0
 0
 0
 0
 0
 0
 0
 0
 0
 0
 0
 0
 0
 0
 0
 0
 0
 0
 0
 0
 0
 0
 0
 0
 0
 0
 0
 0
 0
 0
 0
 0
 0
 0
 0
 0
 0
 0
 0
 0
 0
 0
 0
 0
 0
 0
 0
 0
 0
 0
 0
 0
 0
 0
 0
 0
 0
 0
 0
 0
 0
 0
 0
 0
 0
 0
 0
 0
 0
 0
 0
 0
 0
 0
 0
 0
 0
 0
 0
 0
 0
 0
 0
 0
 0
 0
 0
 0
 0
 0
 0
 0
 0
 0
 0
 0
 0
 0
 0
 0
 0
 0
 0
 0
 0
 0
 0
 0
 0
 0
 0
 0
 0
 0
 0
 0
 0
 0
 0
 0
 0
 0
 0
 0
 0
 0
 0
 0
 0
 0
 0
 0
 0
 0
 0
 0
 0
 0
 0
 0
 0
 0
 0
 0
 0
 0
 0
 0
 0
 0
 0
 0
 0
 0
 0
 0
 0
 0
 0
 0
 0
 0
 0
 0
 0
 0
 0
 0
0.01631412
 0
 0
 0
 0
 0
 0
 0
 0
 0
 0
 0
 0
 0
 0
 0
 0
 0
 0
 0
 0
 0
 0
 0
 0
 0
 0
 0
 0
 0
 0
 0
 0
 0
 0
 0
 0
 0
 0
 0
 0
 0
 0
 0
 0
 0
 0
 0
 0
 0
 0
 0
 0
 0
 0
 0
 0
 0
 0
 0
 0
 0
 0
 0
 0
 0
 0
 0
 0
 0
 0
 0
 0
 0
 0
 0
 0
 0
 0
 0
 0
 0
 0
 0
 0
 0
 0
 0
 0
 0
 0
 0
 0
 0
 0
 0
 0
 0
 0
 0
 0
 0
 0
 0
 0
 0
 0
 0
 0
 0
 0
 0
 0
 0
 0
 0
 0
 0
 0
 0
 0
 0
 0
 0
 0
 0
 0
 0
 0
 0
 0
 0
 0
 0
 0
 0
 0
 0
 0
 0
 0
 0
 0
 0
 0
 0
 0
 0
 0
 0
 0
 0
 0
 0
 0
 0
 0
 0
 0
 0
 0
 0
 0
 0
 0
 0
 0
 0
 0
 0
 0
 0
 0
 0
 0
 0
 0
 0
 0
 0
 0
 0
 0
 0
 0
 0
 0
 0
 0
 0
 0
 0
 0
 0
 0
 0
 0
 0
 0
 0
 0
 0
 0
 0
 0
 0
 0
 0
 0
 0
 0
 0
 0
 0
 0
 0
 0
 0
 0
 0
 0
 0
 0
 0
 0
 0
 0
 0
 0
 0
 0
 0
 0
 0
 0
 0
 0
 0
 0
 0
 0
 0
 0
 0
 0
 0
 0
 0
 0
 0
 0
 0
 0
 0
 0
 0
 0
 0
 0
 0
 0
 0
 0
 0
 0
 0
 0
 0
 0
 0
 0
 0
 0
 0
 0
 0
 0
 0
 0
 0
0.001093449
0.03329638
 0
 0
 0
 0
 0
 0
 0
 0
 0
 0
 0
 0
 0
 0
 0
 0
 0
 0
 0
 0
 0
 0
 0
 0
 0
 0
 0
 0
 0
 0
 0
 0
 0
 0
 0
 0
 0
 0
 0
 0
 0
 0
 0
 0
 0
 0
 0
 0
 0
 0
 0
 0
 0
 0
 0
 0
 0
 0
 0
 0
 0
 0
 0
 0
 0
 0
 0
 0
 0
 0
 0
 0
 0
 0
 0
 0
 0
 0
 0
 0
 0
 0
 0
 0
 0
 0
 0
 0
 0
 0
 0
 0
 0
6.665198e-10
 0
 0
0.002598991
0.002612062
0.001845876
 0
 0
1.670915e-07
 0
 0
0.005127371
1.633325
1.9914
 0
 0
 0
 0
 0
 0
 0
 0
 0
 0
 0
 0
 0
 0
 0
 0
0.009556299
0.1708002
0.5573024
2.182022
0.9913176
 0
 0
 0
 0
 0
 0
 0
 0
 0
 0
 0
 0
 0
 0
 0
 0
 0
 0
 0
 0
 0
 0
 0
 0
 0
 0
 0
 0
 0
 0
 0
 0
 0
 0
 0
 0
 0
 0
 0
 0
 0
 0
 0
 0
 0
 0
 0
 0
 0
 0
 0
 0
 0
3.248466
3.169645
0.3994897
 0
 0
 0
 0
 0
 0
 0
 0
 0
 0
 0
 0
 0
 0
 0
 0
 0
 0
 0
 0
 0
 0
 0
 0
 0
 0
 0
 0
 0
 0
 0
 0
2.883797e-09
0.004024403
0.002035314
0.004001382
0.0003518303
1.793431e-10
0.0001609589
0.007841676
0.03843063
0.003083948
0.006782148
3.198289e-08
1.034548e-06
0.01268932
 0
0.001121902
1.524363
0.2452012
0.02312881
0.0002965229
1.963766e-09
6.153224e-14
 0
 0
 0
 0
 0
 0
 0
 0
 0
 0
 0
 0
 0
0.8791183
6.625222
13.98217
6.668417
6.947397
1.204329
0.0006116119
0.01239205
 0
 0
 0
 0
 0
 0
 0
 0
 0
 0
 0
 0
 0
 0
 0
 0
 0
 0
 0
 0
 0
 0
 0
 0
 0
 0
 0
 0
 0
 0
 0
 0
 0
 0
 0
 0
 0
 0
 0
 0
 0
 0
 0
 0
 0
 0
 0
 0
0.1254432
19.19045
42.99041
3.006759
 0
 0
 0
 0
 0
 0
 0
 0
 0
 0
 0
 0
 0
 0
 0
 0
 0
 0
 0
 0
 0
 0
 0
 0
 0
 0
 0
 0
 0
 0
3.040377e-19
8.410132e-08
7.811903e-06
0.01858513
0.05393723
0.2270287
0.3267471
0.2207122
0.03700729
0.2145921
0.4336156
0.04063018
0.04713202
0.02373654
0.001204721
0.02428531
0.0002550234
1.297382e-10
0.2070607
3.563245
4.697519
0.09344948
0.03530592
0.06562175
0.2316281
 0
 0
0.0001005157
0.0006087715
3.948287e-12
0.01346103
0.03878907
5.254226e-06
 0
 0
 0
 0
 0
3.081252
30.02713
71.72971
34.03707
30.64336
15.1799
22.60999
10.30253
37.7326
6.954995
1.646865
 0
 0
 0
 0
 0
 0
 0
 0
 0
 0
 0
 0
 0
 0
 0
 0
 0
 0
 0
 0
 0
 0
 0
 0
 0
 0
 0
 0
 0
 0
 0
 0
 0
 0
 0
 0
 0
 0
 0
 0
 0
 0
 0
 0
0.02081117
19.16411
86.65806
113.7561
19.14301
0.07667605
 0
 0
 0
0.0006208934
0.008252722
 0
 0
 0
 0
 0
 0
 0
 0
 0
 0
 0
 0
 0
 0
 0
 0
 0
 0
 0
 0
 0
 0
 0
 0
5.621941e-11
 0
0.0008537804
0.4416595
0.01188644
0.8627626
1.114545
0.878424
0.4109303
0.4215527
0.07901358
0.1480613
0.2300353
0.5792813
0.03887407
0.06588712
0.007336402
1.163504
6.465192
4.734966
5.419281
0.5425845
0.04608239
0.1502392
0.2172504
2.854655
2.400126
0.1010444
0.263988
0.2046774
0.01058457
2.602241
 0
 0
0.4006333
0.6463981
4.134054
1.560635
39.42825
74.04495
200.2688
51.72046
87.32228
70.41605
28.68721
95.44507
97.34731
46.80494
27.84452
7.580735
0.6482326
 0
 0
 0
 0
 0
 0
 0
 0
 0
 0
 0
 0
 0
 0
 0
 0
 0
 0
 0
 0
 0
 0
 0
 0
 0
 0
 0
 0
 0
 0
 0
 0
 0
 0
 0
 0
 0
 0
 0
 0
0.7790901
0.0972739
58.42769
28.39363
103.4637
115.5447
78.63383
37.07695
8.816294
0.612745
0.2147614
0.981405
0.7422476
 0
 0
 0
 0
 0
 0
 0
 0
 0
 0
 0
 0
 0
 0
 0
 0
 0
 0
 0
 0
 0
 0
 0
1.557518e-05
 0
0.005057706
0.002312873
0.7746788
2.639278
1.004233
1.291675
1.587676
2.237158
1.342923
0.02899542
0.07669623
0.2739317
0.1017609
0.3185168
0.5417834
8.04224
4.808156
7.585675
6.551742
2.129507
2.029274
65.4155
288.5413
13.9078
22.31627
31.56833
66.53852
1.963432
0.1706795
0.1208165
0.6044186
162.1964
957.1703
1290.164
730.2073
1280.6
355.3301
603.8262
1405.057
24.71483
32.50547
121.9813
46.20453
39.19961
72.43857
136.7431
66.85408
66.59975
40.98769
23.55475
19.69792
4.370745
2.833759
0.1157883
0.0215205
 0
 0
0.01522568
 0
 0
0.002304253
0.03114261
 0
 0
0.08834223
 0
 0
0.01980321
0.02720104
 0
 0
 0
0.05377296
0.0003202231
 0
4.196545e-10
0.4811255
 0
 0
 0
 0
 0
 0
 0
 0
 0
 0
 0
 0
0.2403157
4.251122
22.31275
270.1172
144.3946
234.6311
215.9675
165.3566
124.7214
77.87234
42.40423
18.08118
14.48784
3.411452
0.04218348
 0
 0
 0
 0
 0
 0
 0
 0
 0
 0
 0
 0
 0
 0
 0
 0
 0
 0
 0
 0
 0
 0
 0
0.8205152
0.5587795
0.5630834
25.61565
21.47759
2.683192
2.547948
3.820845
3.330034
0.8773323
0.697082
1.108718
1.114454
1.378391
1.582452
0.8950762
17.05106
22.85527
10.17656
4.900953
10.75466
203.7382
192.3162
32.67294
79.08043
26.52452
61.88665
279.9423
75.89193
2.105943
56.30602
1372.573
898.895
257.1444
353.8793
348.8893
235.4529
476.2212
413.7249
1119.202
430.9766
18.04301
205.983
55.51738
54.1693
45.76362
68.5841
39.61087
53.76206
53.20371
66.43021
39.43121
72.05531
54.28249
53.75444
21.34398
10.83335
6.830052
5.218526
3.465072
3.574213
4.392391
3.35828
4.086491
6.268003
7.977764
10.1581
11.26695
7.126116
5.35341
4.002936
2.981078
2.254287
2.331458
1.180127
1.527579
1.42265
0.6045746
0.6707653
0.06257312
0.01290109
 0
 0
5.80101e-05
 0
 0
 0
 0
0.04669936
1.343991
16.22818
26.20117
228.4136
214.4285
241.1017
342.9687
313.3923
254.8976
210.1384
200.8928
144.1409
114.6791
123.6768
57.83392
35.26016
8.392811
0.215594
 0
 0
 0
 0
 0
 0
 0
 0
 0
 0
 0
 0
 0
 0
 0
 0
 0
 0
 0
 0
 0
1.909835
169.163
52.24142
28.00377
95.94521
19.85059
51.24431
3.984924
5.356388
6.585069
6.590315
13.88436
16.66701
4.803248
2.028369
4.468719
40.31383
28.18631
27.10933
54.81113
321.9763
249.6445
181.282
37.94921
233.7795
110.4685
465.7266
1027.55
1241.624
341.2727
639.1385
1194.798
728.1227
518.7922
286.1339
325.3174
491.6003
464.5698
507.7109
683.8557
332.8517
104.1044
91.68164
85.5694
28.04186
35.39134
47.07065
24.65808
59.67182
39.38789
107.8417
64.62637
197.6506
93.3561
191.149
139.3943
118.1217
102.024
95.13419
89.04076
88.34249
75.41941
74.97571
71.50019
78.12971
75.46568
77.99267
81.11819
78.19315
67.61599
61.69986
51.81717
38.78766
25.82598
17.56832
12.2115
8.821167
5.858464
2.165524
1.739919
1.061916
0.6915126
0.09887353
 0
 0
 0
 0
0.004654796
2.893501
265.1207
123.2722
469.0008
491.0262
403.4801
398.1543
474.7652
329.7224
250.9354
290.4256
233.7051
195.4715
273.709
369.5944
339.3974
263.9094
141.0252
86.0277
29.86376
10.97984
5.841471
1.192133
1.551636
0.0719538
0.2557299
0.000323202
0.008848411
2.43189e-09
0.0003526587
 0
 0
 0
 0
 0
 0
 0
 0
 0
 0
0.04510926
3.019698
14.87981
9.975735
16.33931
10.82698
14.62558
13.67699
28.38309
20.84204
16.72495
108.6889
35.11264
33.19242
274.7297
263.9274
237.8866
153.5612
313.3975
266.7546
528.2972
53.33424
32.56403
68.83263
137.8771
61.5481
40.41416
92.16817
148.5954
1539.493
747.3821
88.65952
4.643966
34.63803
171.8733
668.1794
128.9565
152.1043
490.8981
354.7456
22.1839
71.57841
26.46838
148.7394
16.14056
21.11137
34.14246
23.00675
53.90481
88.81741
154.3466
190.9431
324.9407
225.4987
289.9509
378.1421
288.8232
259.907
240.6301
234.5536
230.9375
207.9981
205.3688
210.1638
218.6475
205.5041
199.822
195.7178
187.3572
181.857
163.2654
161.3454
133.2503
116.1883
87.62135
55.55754
45.85225
27.53381
18.0254
14.27371
7.313725
2.831038
0.6600615
1.673016
1.85246
0.3054
0.1400627
1.053239
102.3752
1790.765
436.6334
1325.656
225.6009
600.0148
591.3858
514.8521
391.3851
283.8915
342.4277
271.6043
212.6232
245.4896
482.4938
655.7548
435.1906
337.2724
273.5925
260.45
196.2109
117.6865
80.16356
42.39444
26.38462
12.89214
8.250144
6.429429
2.835595
0.6554544
0.5833017
4.408406e-05
 0
 0
 0
 0
 0
 0
 0
0.2094046
4.625702
19.1136
104.9887
81.8625
23.4897
28.07334
84.62324
42.08457
111.0952
98.93918
94.07236
247.5688
104.9995
108.989
129.9007
323.9768
321.1707
385.7002
722.9731
374.2785
161.5083
40.97802
41.35609
36.62167
38.6544
43.2709
45.13479
146.6548
274.3586
405.7037
329.2291
72.66788
2.558887
4.573675
8.516938
6.90476
13.27532
23.99862
31.32277
5.380306
11.59132
28.53925
20.09662
75.94296
58.40634
52.34301
41.03325
39.94515
147.8905
184.3809
155.5912
185.9263
259.8849
294.7724
363.0911
410.389
374.6125
369.9292
357.1627
342.4867
341.6808
325.2767
332.7708
328.1259
321.6776
307.635
286.1357
303.5631
272.3813
276.6832
267.3814
249.8109
234.3241
203.0833
192.2433
154.7598
134.7303
102.7119
69.5362
48.78936
32.69495
19.67778
9.635386
5.620414
3.662786
5.472611
1.547492
193.1548
1037.499
573.7333
872.545
438.6825
249.0902
875.4108
449.8242
428.629
294.3727
254.0111
186.4894
189.4351
374.6596
625.3604
503.2381
513.7327
634.0777
575.7366
452.5473
343.294
380.8038
346.6581
290.7358
212.8021
163.141
133.6121
106.9446
80.53499
61.29424
38.47869
19.65428
7.290506
1.653628
0.1177503
0.0178684
 0
 0
0.04065519
0.652853
1.949825
27.91244
163.9281
377.801
206.4807
219.0308
129.5925
139.6976
118.8274
148.4489
123.7645
328.9846
275.4509
235.0962
139.1357
85.09839
67.00278
75.36168
90.99875
201.865
219.1594
199.3769
79.37598
100.3691
92.85129
86.93991
71.89632
95.42242
93.74
128.4394
239.4162
169.5708
349.0918
156.4332
416.6101
165.6308
22.6628
37.31178
50.48092
45.23615
33.19084
50.29074
33.94666
34.65481
58.60853
93.82957
171.2334
80.59742
69.73815
116.9406
296.4664
189.2228
289.4777
251.8076
296.2048
476.5359
379.0151
492.2755
507.1049
522.6316
507.2843
498.7776
489.4277
466.3446
466.1398
465.5475
432.2147
433.4117
412.3629
396.1511
373.6924
365.6835
346.4524
327.242
296.3374
271.3095
231.1677
208.8901
177.7739
150.1002
119.2191
79.30643
50.02722
35.59604
15.99173
14.15509
8.150266
11.48137
117.5839
1800.481
498.6038
966.7589
460.473
1158.477
385.3106
380.1284
281.2976
263.2707
674.8106
183.7967
302.2778
516.726
636.6443
588.1342
499.4106
486.4616
642.4216
573.7062
426.5286
516.5279
434.7378
440.4467
362.9847
440.7786
326.2712
257.6372
216.7729
170.4995
135.77
92.70254
55.03669
23.19578
5.516834
2.839008
1.009999
1.455673
2.042231
7.655928
8.191166
34.32358
209.8649
87.80206
80.05067
313.7299
425.9822
759.6221
663.5401
538.744
201.3236
137.2018
169.8695
475.7421
214.444
153.8977
138.3515
161.8445
126.1586
129.7614
114.298
118.5033
89.06516
81.62632
85.88372
101.7954
82.76664
82.90386
90.79633
62.11056
86.3485
42.11255
84.0349
74.84159
114.7976
44.68671
35.46529
94.93325
56.39655
109.9264
159.6942
85.65462
67.50641
76.37209
86.4921
124.3264
107.1843
163.5374
60.00563
71.10333
171.0588
142.8313
283.6503
360.6456
258.7101
361.5068
487.384
565.2213
585.0143
610.9579
591.2336
571.4585
567.3033
570.2908
536.7077
536.7887
499.5121
517.6536
475.5917
450.3047
441.0546
423.1668
390.8776
359.2102
351.1804
342.5759
311.347
297.4193
261.7506
225.925
179.6601
129.6757
93.56001
73.73377
51.39196
41.37152
51.16225
112.8382
290.688
737.0741
139.2839
420.8853
303.5368
312.9541
101.9429
142.2204
163.9355
229.396
357.3352
249.7111
320.9513
408.2402
358.9967
364.7692
274.9986
282.1997
243.2811
376.0885
371.8786
637.4421
626.121
682.6536
594.4605
798.9793
517.5018
403.1462
319.1195
289.4106
246.0983
201.3617
135.7388
91.05245
46.24334
21.69613
11.24944
11.80328
15.09215
27.64009
42.3968
56.47091
67.86685
93.48262
175.3084
189.229
222.1345
224.6882
222.6518
450.2722
241.1142
493.048
202.195
424.2952
290.1364
303.4458
214.8241
261.6175
202.0354
199.4388
163.3444
156.7749
134.6682
130.2689
139.5441
159.3126
134.63
101.6512
172.0682
111.8534
167.4982
181.6672
188.257
212.3292
294.7492
289.9635
622.8388
100.2248
194.3219
308.8096
188.0383
101.4519
90.07661
235.5921
142.2828
100.6216
57.66658
221.0139
96.11818
126.9845
127.4725
183.839
91.11384
464.3189
256.1401
433.2136
432.6818
515.0859
596.9047
620.0265
595.5341
635.1532
620.7418
590.8615
589.6527
588.614
548.3816
536.4774
487.0733
480.1649
452.1838
415.2685
402.1482
385.33
383.5052
385.7336
335.3969
310.6771
267.9705
237.9119
189.1766
147.9569
114.3436
82.03819
92.99567
110.9106
140.1028
804.6809
303.5446
806.7964
233.4815
422.4465
221.9766
177.6102
123.3818
217.3905
210.5153
196.3918
225.9866
184.7889
258.5001
249.5895
227.5744
226.6486
163.7141
185.1935
155.5019
160.5951
189.9666
283.0704
389.0676
658.3254
868.779
986.1876
730.2468
586.038
486.2133
428.2946
353.7209
299.2432
207.0521
166.5802
112.803
76.83991
61.99519
54.17336
50.00837
82.89499
127.5867
148.2877
142.5654
214.6484
273.1978
219.5764
186.6008
272.1714
259.4255
320.6726
305.5171
308.343
197.1988
295.1731
246.8542
249.2343
224.1548
250.4086
210.3261
204.7174
214.5732
187.418
159.4903
163.2649
161.7963
169.8398
175.1625
120.3214
159.3828
135.8302
149.3521
114.2942
132.2658
132.9127
387.4068
258.4043
414.5561
218.4067
222.8712
396.9005
427.7957
184.112
120.6678
160.2024
183.869
98.18475
125.5122
180.0166
238.1105
150.1625
131.5608
274.3445
442.2308
314.3044
325.9618
359.595
401.5229
436.7331
547.7689
547.7188
577.201
610.61
626.684
577.3402
559.0962
577.1415
510.9852
534.7348
498.3334
496.5137
486.55
435.9594
447.451
396.5511
397.6665
409.5316
357.8883
334.2944
296.1829
242.436
200.4478
129.8098
88.32039
72.82749
58.59717
119.5698
1281.539
1848.51
1124.408
829.9204
320.6402
542.9091
192.4234
194.8192
102.8692
148.498
139.8599
117.9511
136.4934
122.8759
131.9698
135.9947
112.5406
125.2571
100.5546
132.3411
130.2272
187.9628
208.7639
284.0585
499.3242
735.229
965.1332
975.6182
1067.705
667.7726
559.2634
515.1218
423.9089
381.2723
307.2777
245.0143
184.7628
124.327
114.6002
128.918
133.3742
204.0858
255.7842
257.1731
285.8425
373.518
400.9181
289.1166
256.777
257.3181
529.4237
643.0003
678.4894
667.9758
465.9446
453.7408
325.8917
311.6329
276.6145
291.4295
237.6637
226.1083
213.6821
253.1423
180.3212
249.3578
154.5878
269.5951
195.1871
173.4576
185.3887
165.2281
150.1866
127.0939
166.4045
166.5795
244.2621
187.2085
307.9073
196.1501
256.7523
336.2109
144.5064
161.5667
208.7012
177.4198
365.194
180.6305
226.666
157.3631
161.9601
163.8612
186.8983
291.8635
368.4887
267.1922
290.7209
278.0845
353.2821
332.9474
413.5565
266.6065
779.6377
648.5782
668.783
662.4349
573.5234
606.1146
558.853
543.1278
542.3409
502.3959
521.2708
471.5638
452.0913
299.2989
367.9684
369.5122
322.4663
285.1661
228.2297
211.9907
174.1225
154.5296
130.1964
87.74878
169.1145
718.3885
969.114
525.3761
191.0911
235.6261
169.6116
168.1904
126.0415
125.2843
85.62086
91.4521
86.33182
86.24656
106.3253
113.2823
107.9058
101.1444
99.06693
118.1464
101.6919
130.9681
113.307
131.4724
178.5763
238.5185
449.1784
817.7863
988.4385
1323.328
917.8405
695.1863
637.5823
557.5644
500.1725
444.8385
346.7744
310.1949
272.5433
235.5254
243.1839
240.3066
240.7739
316.775
310.4124
700.7933
564.746
660.7795
292.0176
387.0797
532.9774
528.4465
559.4374
746.0108
616.9423
545.1047
549.0695
541.1884
575.3451
416.5221
291.7857
293.2023
250.1096
257.2483
197.4047
244.9382
192.682
265.0732
154.6501
233.3913
175.7018
179.0478
163.9315
167.0634
173.3291
178.0329
185.5804
175.1739
189.7688
189.826
189.1049
203.7941
189.5596
167.9775
149.2002
193.4861
160.6331
219.5725
264.1739
203.4828
405.82
258.8074
296.1837
365.4534
319.7924
376.7422
365.4406
540.0303
387.2971
298.2173
282.3162
254.6321
295.7717
278.8611
308.5605
575.4484
436.2822
543.0269
438.027
491.2995
467.037
490.0866
455.585
455.6086
423.3791
320.545
248.0839
253.0191
274.8983
336.4962
593.3249
673.4554
601.9421
268.5807
194.5566
166.9885
143.9517
383.389
1108.334
980.9998
595.0554
374.5958
367.6104
146.9935
213.9063
211.07
190.5849
143.7878
114.486
72.78285
71.20048
66.49137
63.09241
63.38161
72.39929
72.19415
77.33313
87.32955
89.47165
95.84503
98.35533
95.73465
173.8059
347.2985
468.2786
773.5989
1571.27
1178.404
1012.536
1032.136
935.5858
722.5543
588.4213
473.3922
442.1072
396.4521
366.7878
326.3514
331.181
343.977
356.905
350.5854
392.9723
378.9324
861.6587
538.2347
298.4411
515.1226
773.9874
1209.636
688.8724
681.5018
568.0963
474.2484
432.2529
353.6529
387.0167
383.2121
314.3609
291.1911
232.472
272.0367
216.3885
276.7027
194.3029
303.3464
161.915
350.4244
199.8772
228.3045
215.9046
229.2321
213.1238
211.8421
189.0495
185.6838
182.0089
200.0155
171.8205
234.6974
202.8062
207.1702
156.9755
181.5071
151.1325
162.7745
127.8497
217.4156
129.8021
132.2822
155.0967
181.6536
168.247
180.5127
168.3001
418.0978
433.2166
326.5833
334.8876
279.924
400.1273
331.3857
214.1009
272.6152
335.9859
368.9878
350.1193
359.9459
336.9664
363.2542
338.8997
306.972
258.7327
220.4736
214.6704
227.5393
190.1912
396.2219
190.6008
675.723
578.5739
736.6702
699.3623
761.0137
1827.974
1834.516
1115.252
506.093
334.1107
179.5448
131.2868
144.218
158.5032
202.1423
186.9373
155.1515
120.8461
87.98586
71.85635
62.94812
47.05473
58.35976
81.13606
76.88188
79.22771
79.24871
80.42199
83.03522
59.52734
63.5527
106.0827
286.2847
538.7524
1304.975
1445.195
890.218
759.6519
901.0775
1375.75
1275.532
833.4136
582.8069
502.0936
574.4117
539.4559
616.2498
696.6028
846.2495
836.5049
807.7964
577.3834
503.2179
252.7907
384.1736
191.3392
232.0525
268.4835
430.778
515.7256
400.7085
374.5869
321.0952
341.9084
296.0396
305.3729
279.8225
321.7981
327.8759
242.3661
238.4741
221.4
263.8857
181.2056
283.9084
145.0042
341.4354
198.3451
223.303
212.74
226.741
223.7779
206.1357
191.0362
177.05
185.4607
177.5271
199.4657
229.6929
209.4566
191.3433
164.0014
156.9246
124.6838
134.3375
120.1758
108.8748
90.0184
105.1079
99.63347
92.23869
77.12086
108.247
100.986
211.9113
351.0822
296.3312
347.9023
368.4245
288.8266
320.6627
330.4774
308.5551
277.6604
266.8404
298.6743
418.4017
264.1466
244.7191
193.86
204.9311
184.5078
197.1362
177.7372
183.1751
165.6773
218.4425
178.086
317.2518
627.8456
840.2707
876.1972
1111.601
400.6326
180.28
243.6916
376.2932
209.3498
194.0882
239.4663
179.9738
314.3731
297.0056
299.1318
245.0976
202.9638
144.2159
103.6119
80.93295
48.99854
71.65394
77.76588
64.08115
57.55523
40.37566
39.01169
51.35208
46.63956
96.41843
187.0475
299.4612
414.3624
567.2333
775.0488
537.1884
1030.791
738.8473
1199.742
1309.131
1570.849
1567.498
765.2014
849.3316
607.0922
558.5294
514.9647
702.1434
670.9775
514.6493
459.39
355.4031
223.4305
210.624
187.1478
232.379
166.943
258.1245
275.912
303.3945
333.4626
260.5254
241.816
194.583
188.6595
163.5332
183.814
192.6193
265.6679
201.0634
193.2942
221.9494
223.8126
252.5012
184.2174
324.9476
293.2304
262.1365
224.9831
220.0563
204.8381
193.389
185.3208
159.5449
193.4192
140.8371
207.5923
201.4558
214.2683
241.4978
191.4552
227.8901
197.3085
215.4403
185.6359
151.4141
126.6513
124.1108
91.38155
135.6062
325.6972
212.3989
268.5355
181.7854
390.3946
197.7356
418.1819
220.1775
149.8315
195.9609
200.2843
221.1168
279.2264
304.4165
242.3232
200.5957
198.0468
228.8026
231.2671
252.2613
246.6035
195.516
142.7446
168.47
119.7132
165.4012
111.244
117.5387
89.46945
84.00317
86.47829
94.14178
110.0583
169.0988
132.6911
285.4521
284.8372
317.4326
364.8779
398.9686
373.2847
396.3551
355.2936
368.1416
241.1908
186.8291
126.3647
101.8976
110.9757
121.2562
142.5391
91.72424
80.39857
37.82287
37.6014
27.74445
26.03878
37.55947
63.72736
177.1293
149.2427
174.9988
332.0922
620.2358
624.6608
322.091
314.3482
504.5649
495.1946
1119.55
695.6579
911.0338
658.6133
508.3057
1198.977
608.4259
1003.588
457.5496
387.7136
285.0214
235.6167
211.6614
140.1149
158.9248
137.8441
147.3104
181.552
252.6179
253.0097
209.3631
144.6709
163.1402
185.5732
180.287
223.2476
234.4612
299.8228
248.0877
236.0247
225.9406
211.3124
220.386
207.9373
234.5614
226.4907
250.9403
225.4772
214.7295
188.6758
184.0692
173.5192
171.3043
168.375
169.64
199.4468
297.5872
274.7647
359.2845
212.2875
199.9826
205.3343
207.6781
192.1594
169.978
142.9427
168.1877
126.8732
164.2173
413.3749
222.886
188.9235
225.3053
245.1843
162.3118
160.6831
206.4565
132.3222
136.0153
140.2915
140.924
159.3171
261.548
230.7612
224.9564
243.2866
376.0978
283.8723
227.6755
201.6433
200.7246
187.0965
201.0025
215.9181
389.2074
232.9269
584.2074
286.6617
536.0428
565.6223
602.7796
220.0373
258.7392
137.0625
181.5958
203.7394
385.5285
402.6362
578.9272
478.5977
514.303
425.7548
344.0267
219.4315
171.0479
105.017
114.9192
129.6548
131.4194
134.5164
113.8424
102.9318
62.28513
45.21008
27.56466
43.24866
62.54066
61.6502
101.9062
72.76595
87.41341
116.6795
317.6353
230.0938
265.8134
292.3306
280.8972
253.4367
386.4678
385.4925
400.3721
531.6981
472.4976
396.5951
226.3489
260.0643
224.14
241.0117
205.7434
185.4917
164.3092
136.2378
130.3107
115.9006
123.4045
132.8679
155.2638
167.6919
187.2979
149.0655
121.459
106.5685
111.275
116.4383
130.7237
149.6696
152.3775
156.6554
191.4585
181.97
265.0561
276.641
312.0122
226.7127
233.8336
224.202
230.4279
198.9362
191.7898
169.0115
163.6856
163.6526
167.4072
155.4075
175.8211
169.1061
185.6177
160.7221
170.5727
171.8469
192.8272
181.6885
166.8283
146.7609
153.8796
170.392
167.6843
220.1494
169.5571
194.5351
173.9571
213.3236
185.2833
182.2103
175.2366
165.6283
164.4197
167.5841
166.3292
149.7115
156.6669
153.6557
167.0021
165.1833
185.2795
195.9943
185.5356
187.3842
186.4567
190.6174
200.8214
183.2552
202.5955
164.647
202.3905
139.8215
185.0256
142.4975
156.9779
93.8654
100.5319
70.07884
83.90298
73.05177
156.1342
236.0296
362.032
342.9878
258.9877
163.7216
129.4583
169.6025
135.6219
157.0288
123.1878
110.1942
83.06251
56.81691
83.76177
100.7984
86.54782
69.27051
87.09602
109.7544
201.3857
136.0802
93.18469
80.70834
68.03172
152.6723
374.7482
366.834
401.1871
295.5279
273.0035
165.2185
189.6819
156.2822
189.7089
191.3669
256.5194
218.9317
193.2734
225.5945
199.7844
195.0374
181.6603
173.3174
158.3188
124.457
113.954
117.0616
130.5742
158.855
172.5227
165.5608
172.667
171.3392
168.0296
158.9749
158.8746
146.2227
141.9066
135.4119
141.4734
143.4631
165.4879
167.8828
186.4541
192.9865
211.2626
226.248
230.6299
228.3829
210.537
212.1076
207.1647
195.5741
178.8724
163.3287
152.5628
162.6507
160.9593
179.3611
197.6942
185.956
176.5512
164.6385
181.0481
161.516
145.7253
132.7569
133.7138
133.8958
135.8255
139.3046
129.8127
142.1855
149.2449
160.6043
161.1179
166.5473
166.3742
164.4425
165.7014
167.3005
169.1358
166.5046
171.9292
173.5304
176.1344
172.7293
174.9666
171.4687
161.4783
165.4058
168.4175
158.8689
161.9501
149.7635
149.8692
137.0141
142.7258
123.9675
127.4318
103.8961
106.8258
85.02332
88.58948
71.82122
85.98606
83.66199
108.6106
115.2533
142.08
128.0916
153.4905
124.8061
124.9426
115.2927
122.4925
102.1414
76.35767
53.1658
56.17696
39.15775
41.98649
31.79755
28.13085
11.35096
17.44081
38.58241
46.41745
62.95018
77.22301
79.62693
98.22378
91.43089
175.0062
193.0856
187.1267
139.3068
115.896
62.80194
51.20365
37.24809
45.23158
39.1209
33.27398
46.77993
48.05716
71.58371
91.87002
118.3677
119.4314
129.1012
122.3119
131.0891
126.015
144.5104
156.4138
189.2995
191.5774
196.8593
174.186
172.1642
165.1165
154.7305
164.9488
163.4583
157.4465
156.3348
157.9175
161.6036
169.442
181.0995
192.301
211.5436
225.4319
247.0486
266.0861
259.8711
238.105
242.9127
242.5038
229.7694
237.7143
249.9028
240.3689
263.0214
229.5851
259.876
235.8263
218.5968
198.7708
172.2503
169.0469
159.0972
151.1865
146.1178
140.038
137.4907
134.7274
139.1405
136.2438
143.8064
143.1875
147.4102
150.1356
152.1968
148.4833
155.4928
155.8724
164.4792
164.6944
167.46
172.1123
177.4146
180.3396
176.8198
165.1236
163.73
165.7398
152.534
155.8414
145.5897
139.077
131.3163
130.3555
120.1313
121.2262
116.5703
113.1605
103.2045
97.77359
85.84756
84.09302
78.85149
79.08496
78.55894
79.84077
81.26572
85.72114
83.34003
88.89474
97.36816
96.68382
111.2915
127.6076
128.3417
108.6757
92.31596
69.1897
64.48772
58.46911
54.06984
55.88097
82.28464
105.8156
158.2048
149.5221
150.2086
145.9936
170.7185
173.6763
198.4457
184.9121
168.3428
135.8576
114.1125
106.5664
88.96788
73.88428
68.75068
68.44563
80.66074
91.40106
100.2605
107.9138
98.0298
94.37502
111.1927
114.0913
126.181
115.7671
77.78709
74.93569
74.40551
77.77648
73.11309
71.67773
70.15636
68.60989
66.49152
62.92255
61.49525
61.11615
61.50668
61.87902
61.60892
61.58583
61.38067
63.31847
66.78341
70.40306
77.63992
84.04803
90.6055
91.83306
95.65832
98.72725
104.8484
113.782
122.6578
129.9921
138.2618
145.0687
151.3893
158.8163
164.3109
161.6079
158.3095
160.3954
155.3145
155.0851
153.7541
160.5225
161.9565
163.0842
165.8787
167.4154
175.0696
177.932
185.5842
183.0813
187.7718
190.7906
191.6358
190.6495
191.3298
192.9525
195.4024
200.3193
201.3176
202.5226
207.6712
204.7345
202.3941
207.4393
205.082
204.572
199.3394
196.638
192.7212
187.1001
176.1939
170.4657
159.4707
157.4283
146.0714
137.7206
129.9074
121.508
113.7316
105.296
96.95331
92.45463
87.48605
86.42262
82.67313
81.50354
77.58889
78.56915
79.40163
80.67769
82.20866
81.22447
81.17421
81.20438
78.37156
79.69188
73.5135
78.82294
68.72762
57.20043
55.5946
56.6212
54.80328
52.00515
48.57058
45.21252
45.5396
46.31866
46.64408
46.64755
49.70236
47.48132
44.77488
49.06459
53.33715
51.60538
54.43687
60.09577
67.28042
74.00124
89.38693
97.36079
100.5416
92.24221
89.73908
92.76933
85.03934
79.36865
27.50159
25.89805
26.15245
29.96512
29.97757
31.63438
37.64818
41.05676
34.06266
40.33293
33.51319
29.2716
29.58951
29.12077
26.33367
26.33945
27.17981
29.40158
27.5585
27.33749
28.44835
35.89305
33.18286
29.65479
25.57765
30.46189
26.40367
32.05464
34.66236
27.2662
29.46079
26.34146
27.3172
25.58446
35.70199
35.80699
25.91358
25.8303
35.97346
34.59784
29.60239
26.61608
26.75085
27.53381
26.60797
31.87791
36.74304
27.95988
28.96832
29.9788
28.33261
36.3834
27.98014
29.56852
36.50319
36.45087
28.54766
28.64602
30.66386
28.78708
31.9255
32.75958
31.13309
32.15268
38.45357
37.15899
27.34491
33.36607
30.67961
36.13758
34.9701
27.84294
32.54021
33.53354
34.03346
26.47478
27.17077
28.59317
29.07619
27.10797
28.71176
29.9649
25.84445
25.99968
27.00908
27.7545
26.30869
27.3415
26.49903
27.93398
26.59595
28.94909
36.69862
35.57391
33.98633
35.91242
26.24575
26.57746
25.9294
26.98075
32.2583
37.71156
31.83482
31.83355
36.78716
26.00611
28.78722
38.36902
37.05956
26.73086
34.98067
27.23524
42.73268
26.17858
26.04846
25.54096
29.30807
26.43564
26.35587
34.85336
32.87445
38.4813
29.72795
37.60394
36.39902
40.26229
37.48564
28.23442
